-0.122070 0.648018 0.218930
-0.122067 0.648016 0.218930
-0.122060 0.648009 0.218930
-0.122047 0.647997 0.218930
-0.122029 0.647980 0.218929
-0.122006 0.647959 0.218929
-0.121978 0.647932 0.218928
-0.121944 0.647901 0.218928
-0.121906 0.647865 0.218927
-0.121863 0.647824 0.218926
-0.121814 0.647779 0.218925
-0.121760 0.647728 0.218923
-0.121701 0.647673 0.218922
-0.121638 0.647613 0.218921
-0.121568 0.647548 0.218919
-0.121494 0.647479 0.218918
-0.121415 0.647405 0.218916
-0.121331 0.647325 0.218914
-0.121241 0.647241 0.218912
-0.121146 0.647153 0.218910
-0.121047 0.647059 0.218908
-0.120942 0.646961 0.218905
-0.120832 0.646858 0.218903
-0.120717 0.646750 0.218900
-0.120596 0.646637 0.218897
-0.120471 0.646519 0.218894
-0.120341 0.646397 0.218892
-0.120205 0.646270 0.218888
-0.120064 0.646138 0.218885
-0.119919 0.646001 0.218882
-0.119768 0.645859 0.218878
-0.119612 0.645713 0.218875
-0.119451 0.645562 0.218871
-0.119284 0.645406 0.218867
-0.119113 0.645245 0.218863
-0.118937 0.645079 0.218859
-0.118755 0.644909 0.218855
-0.118568 0.644733 0.218851
-0.118376 0.644553 0.218846
-0.118179 0.644368 0.218842
-0.117977 0.644179 0.218837
-0.117770 0.643984 0.218832
-0.117558 0.643785 0.218827
-0.117340 0.643580 0.218822
-0.117118 0.643371 0.218817
-0.116890 0.643158 0.218811
-0.116658 0.642939 0.218806
-0.116420 0.642715 0.218800
-0.116177 0.642487 0.218795
-0.115929 0.642254 0.218789
-0.115675 0.642016 0.218783
-0.115417 0.641773 0.218777
-0.115154 0.641526 0.218770
-0.114885 0.641274 0.218764
-0.114611 0.641016 0.218757
-0.114333 0.640754 0.218751
-0.114049 0.640487 0.218744
-0.113760 0.640216 0.218737
-0.113466 0.639939 0.218730
-0.113166 0.639658 0.218723
-0.112862 0.639372 0.218715
-0.112552 0.639081 0.218708
-0.112238 0.638785 0.218700
-0.111918 0.638485 0.218693
-0.111593 0.638180 0.218685
-0.111263 0.637869 0.218677
-0.110928 0.637554 0.218669
-0.110588 0.637235 0.218661
-0.110243 0.636910 0.218652
-0.109892 0.636581 0.218644
-0.109537 0.636246 0.218635
-0.109176 0.635907 0.218626
-0.108811 0.635564 0.218618
-0.108440 0.635215 0.218609
-0.108064 0.634861 0.218600
-0.107683 0.634503 0.218590
-0.107296 0.634140 0.218581
-0.106905 0.633772 0.218572
-0.106508 0.633399 0.218562
-0.106104 0.633019 0.218553
-0.105694 0.632634 0.218543
-0.105278 0.632243 0.218533
-0.104855 0.631846 0.218523
-0.104426 0.631443 0.218512
-0.103991 0.631034 0.218502
-0.103550 0.630619 0.218491
-0.103102 0.630198 0.218481
-0.102648 0.629772 0.218470
-0.102188 0.629339 0.218459
-0.101721 0.628901 0.218448
-0.101248 0.628456 0.218437
-0.100769 0.628006 0.218425
-0.100283 0.627550 0.218414
-0.099791 0.627088 0.218402
-0.099293 0.626620 0.218390
-0.098788 0.626146 0.218379
-0.098278 0.625666 0.218367
-0.097760 0.625180 0.218354
-0.097237 0.624689 0.218342
-0.096707 0.624191 0.218330
-0.096171 0.623688 0.218317
-0.095629 0.623179 0.218304
-0.095080 0.622663 0.218292
-0.094525 0.622142 0.218279
-0.093964 0.621615 0.218265
-0.093397 0.621082 0.218252
-0.092823 0.620543 0.218239
-0.092243 0.619998 0.218225
-0.091656 0.619447 0.218211
-0.091062 0.618890 0.218197
-0.090461 0.618325 0.218183
-0.089853 0.617754 0.218169
-0.089237 0.617175 0.218154
-0.088614 0.616590 0.218140
-0.087984 0.615998 0.218125
-0.087346 0.615399 0.218110
-0.086702 0.614793 0.218094
-0.086049 0.614181 0.218079
-0.085390 0.613561 0.218063
-0.084723 0.612935 0.218047
-0.084049 0.612301 0.218032
-0.083368 0.611661 0.218015
-0.082679 0.611014 0.217999
-0.081983 0.610360 0.217983
-0.081280 0.609700 0.217966
-0.080569 0.609032 0.217949
-0.079851 0.608357 0.217932
-0.079126 0.607676 0.217915
-0.078393 0.606988 0.217898
-0.077653 0.606293 0.217880
-0.076906 0.605591 0.217862
-0.076152 0.604882 0.217845
-0.075389 0.604166 0.217827
-0.074620 0.603443 0.217808
-0.073842 0.602712 0.217790
-0.073057 0.601975 0.217771
-0.072264 0.601230 0.217753
-0.071464 0.600478 0.217734
-0.070656 0.599719 0.217715
-0.069841 0.598953 0.217695
-0.069017 0.598180 0.217676
-0.068187 0.597400 0.217656
-0.067348 0.596612 0.217636
-0.066502 0.595817 0.217616
-0.065649 0.595015 0.217596
-0.064788 0.594206 0.217576
-0.063919 0.593390 0.217555
-0.063042 0.592567 0.217535
-0.062158 0.591737 0.217514
-0.061267 0.590899 0.217493
-0.060368 0.590054 0.217471
-0.059461 0.589203 0.217450
-0.058547 0.588345 0.217428
-0.057626 0.587479 0.217407
-0.056698 0.586607 0.217385
-0.055762 0.585728 0.217363
-0.054819 0.584842 0.217340
-0.053868 0.583949 0.217318
-0.052911 0.583049 0.217295
-0.051945 0.582142 0.217272
-0.050973 0.581229 0.217249
-0.049993 0.580308 0.217226
-0.049005 0.579381 0.217203
-0.048011 0.578446 0.217179
-0.047009 0.577505 0.217156
-0.045999 0.576557 0.217132
-0.044983 0.575602 0.217108
-0.043960 0.574641 0.217083
-0.042929 0.573673 0.217059
-0.041892 0.572698 0.217035
-0.040847 0.571717 0.217010
-0.039796 0.570729 0.216985
-0.038737 0.569734 0.216960
-0.037672 0.568733 0.216935
-0.036599 0.567726 0.216909
-0.035519 0.566711 0.216884
-0.034433 0.565691 0.216858
-0.033339 0.564663 0.216832
-0.032238 0.563629 0.216806
-0.031130 0.562588 0.216780
-0.030016 0.561542 0.216754
-0.028896 0.560489 0.216727
-0.027769 0.559431 0.216701
-0.026637 0.558367 0.216674
-0.025497 0.557297 0.216647
-0.024352 0.556221 0.216620
-0.023201 0.555139 0.216593
-0.022043 0.554051 0.216565
-0.020879 0.552958 0.216538
-0.019708 0.551858 0.216510
-0.018532 0.550753 0.216482
-0.017349 0.549642 0.216454
-0.016160 0.548525 0.216426
-0.014969 0.547406 0.216398
-0.013776 0.546286 0.216370
-0.012582 0.545164 0.216342
-0.011386 0.544041 0.216313
-0.010189 0.542916 0.216285
-0.008991 0.541790 0.216257
-0.007790 0.540662 0.216228
-0.006589 0.539534 0.216200
-0.005386 0.538403 0.216171
-0.004181 0.537272 0.216143
-0.002975 0.536139 0.216114
-0.001767 0.535004 0.216086
-0.000560 0.533870 0.216057
0.000643 0.532740 0.216029
0.001842 0.531614 0.216001
0.003036 0.530492 0.215972
0.004225 0.529375 0.215944
0.005411 0.528261 0.215916
0.006592 0.527151 0.215888
0.007769 0.526046 0.215860
0.008941 0.524945 0.215833
0.010109 0.523847 0.215805
0.011273 0.522754 0.215778
0.012432 0.521665 0.215750
0.013587 0.520580 0.215723
0.014738 0.519499 0.215696
0.015884 0.518423 0.215669
0.017025 0.517350 0.215642
0.018162 0.516282 0.215615
0.019295 0.515218 0.215588
0.020423 0.514158 0.215561
0.021547 0.513102 0.215535
0.022667 0.512051 0.215508
0.023781 0.511003 0.215482
0.024892 0.509960 0.215456
0.025998 0.508921 0.215429
0.027100 0.507886 0.215403
0.028197 0.506856 0.215377
0.029289 0.505829 0.215352
0.030378 0.504807 0.215326
0.031461 0.503789 0.215300
0.032541 0.502775 0.215275
0.033615 0.501765 0.215249
0.034686 0.500760 0.215224
0.035752 0.499758 0.215199
0.036813 0.498761 0.215174
0.037870 0.497768 0.215149
0.038923 0.496779 0.215124
0.039971 0.495794 0.215099
0.041015 0.494814 0.215074
0.042054 0.493838 0.215050
0.043089 0.492866 0.215025
0.044120 0.491897 0.215001
0.045147 0.490933 0.214977
0.046170 0.489971 0.214952
0.047190 0.489013 0.214928
0.048207 0.488057 0.214904
0.049221 0.487105 0.214880
0.050231 0.486156 0.214857
0.051238 0.485211 0.214833
0.052241 0.484268 0.214809
0.053241 0.483328 0.214785
0.054238 0.482392 0.214762
0.055231 0.481459 0.214738
0.056221 0.480529 0.214715
0.057208 0.479602 0.214691
0.058191 0.478678 0.214668
0.059171 0.477758 0.214645
0.060148 0.476840 0.214622
0.061121 0.475926 0.214599
0.062091 0.475015 0.214576
0.063057 0.474107 0.214553
0.064020 0.473202 0.214530
0.064980 0.472301 0.214508
0.065936 0.471402 0.214485
0.066890 0.470507 0.214463
0.067839 0.469615 0.214440
0.068786 0.468726 0.214418
0.069728 0.467840 0.214395
0.070668 0.466957 0.214373
0.071604 0.466078 0.214351
0.072537 0.465201 0.214329
0.073467 0.464328 0.214307
0.074393 0.463458 0.214285
0.075316 0.462591 0.214263
0.076237 0.461726 0.214242
0.077154 0.460864 0.214220
0.078069 0.460005 0.214198
0.078980 0.459148 0.214177
0.079889 0.458295 0.214155
0.080795 0.457444 0.214134
0.081698 0.456595 0.214113
0.082598 0.455750 0.214091
0.083495 0.454907 0.214070
0.084390 0.454067 0.214049
0.085281 0.453229 0.214028
0.086170 0.452395 0.214007
0.087055 0.451563 0.213986
0.087938 0.450734 0.213965
0.088818 0.449907 0.213944
0.089695 0.449083 0.213923
0.090570 0.448262 0.213903
0.091442 0.447442 0.213882
0.092311 0.446625 0.213862
0.093178 0.445811 0.213841
0.094043 0.444999 0.213821
0.094905 0.444189 0.213800
0.095764 0.443381 0.213780
0.096621 0.442576 0.213760
0.097476 0.441774 0.213739
0.098328 0.440973 0.213719
0.099177 0.440175 0.213699
0.100024 0.439380 0.213679
0.100869 0.438586 0.213659
0.101711 0.437795 0.213639
0.102550 0.437007 0.213619
0.103387 0.436220 0.213600
0.104222 0.435436 0.213580
0.105054 0.434655 0.213560
0.105884 0.433875 0.213541
0.106712 0.433097 0.213521
0.107539 0.432321 0.213501
0.108362 0.431547 0.213482
0.109184 0.430775 0.213463
0.110004 0.430004 0.213443
0.110822 0.429236 0.213424
0.111637 0.428470 0.213405
0.112450 0.427706 0.213385
0.113262 0.426944 0.213366
0.114071 0.426184 0.213347
0.114878 0.425426 0.213328
0.115683 0.424670 0.213309
0.116486 0.423915 0.213290
0.117287 0.423163 0.213271
0.118085 0.422413 0.213252
0.118882 0.421664 0.213233
0.119677 0.420918 0.213214
0.120470 0.420173 0.213196
0.121261 0.419429 0.213177
0.122051 0.418688 0.213158
0.122839 0.417947 0.213140
0.123625 0.417209 0.213121
0.124410 0.416471 0.213103
0.125193 0.415736 0.213084
0.125974 0.415002 0.213066
0.126754 0.414269 0.213047
0.127532 0.413539 0.213029
0.128308 0.412809 0.213010
0.129083 0.412082 0.212992
0.129855 0.411356 0.212974
0.130627 0.410631 0.212956
0.131396 0.409908 0.212937
0.132164 0.409187 0.212919
0.132931 0.408467 0.212901
0.133695 0.407749 0.212883
0.134458 0.407032 0.212865
0.135220 0.406316 0.212847
0.135981 0.405602 0.212829
0.136740 0.404888 0.212811
0.137499 0.404176 0.212793
0.138256 0.403464 0.212775
0.139012 0.402754 0.212757
0.139766 0.402045 0.212739
0.140520 0.401337 0.212722
0.141272 0.400630 0.212704
0.142024 0.399925 0.212686
0.142774 0.399220 0.212668
0.143522 0.398517 0.212651
0.144270 0.397814 0.212633
0.145016 0.397113 0.212615
0.145762 0.396413 0.212598
0.146506 0.395714 0.212580
0.147249 0.395016 0.212562
0.147991 0.394319 0.212545
0.148731 0.393624 0.212527
0.149471 0.392929 0.212510
0.150210 0.392235 0.212493
0.150948 0.391541 0.212475
0.151686 0.390848 0.212458
0.152423 0.390155 0.212440
0.153160 0.389463 0.212423
0.153896 0.388772 0.212406
0.154631 0.388081 0.212388
0.155366 0.387391 0.212371
0.156100 0.386701 0.212354
0.156834 0.386012 0.212336
0.157567 0.385323 0.212319
0.158299 0.384635 0.212302
0.159031 0.383948 0.212284
0.159762 0.383261 0.212267
0.160493 0.382575 0.212250
0.161223 0.381889 0.212232
0.161952 0.381204 0.212215
0.162681 0.380519 0.212198
0.163409 0.379835 0.212180
0.164137 0.379151 0.212163
0.164864 0.378468 0.212146
0.165592 0.377784 0.212129
0.166320 0.377100 0.212111
0.167048 0.376416 0.212094
0.167777 0.375732 0.212077
0.168505 0.375047 0.212059
0.169234 0.374362 0.212042
0.169963 0.373678 0.212025
0.170692 0.372993 0.212007
0.171421 0.372308 0.211990
0.172150 0.371622 0.211973
0.172880 0.370937 0.211955
0.173609 0.370252 0.211938
0.174339 0.369566 0.211921
0.175069 0.368880 0.211904
0.175800 0.368194 0.211887
0.176530 0.367508 0.211869
0.177261 0.366822 0.211852
0.177992 0.366136 0.211835
0.178723 0.365449 0.211818
0.179454 0.364762 0.211801
0.180183 0.364078 0.211784
0.180908 0.363396 0.211767
0.181631 0.362718 0.211750
0.182350 0.362042 0.211734
0.183067 0.361369 0.211717
0.183780 0.360699 0.211700
0.184490 0.360032 0.211684
0.185197 0.359368 0.211668
0.185901 0.358707 0.211651
0.186602 0.358049 0.211635
0.187299 0.357394 0.211619
0.187994 0.356742 0.211602
0.188685 0.356093 0.211586
0.189373 0.355446 0.211570
0.190057 0.354803 0.211554
0.190739 0.354163 0.211537
0.191418 0.353525 0.211521
0.192093 0.352890 0.211505
0.192765 0.352259 0.211488
0.193434 0.351630 0.211472
0.194099 0.351004 0.211455
0.194762 0.350381 0.211438
0.195421 0.349761 0.211421
0.196078 0.349144 0.211404
0.196731 0.348529 0.211388
0.197381 0.347917 0.211371
0.198029 0.347309 0.211354
0.198673 0.346703 0.211337
0.199314 0.346100 0.211321
0.199952 0.345500 0.211305
0.200588 0.344902 0.211289
0.201220 0.344308 0.211273
0.201849 0.343716 0.211258
0.202475 0.343128 0.211242
0.203099 0.342542 0.211228
0.203719 0.341959 0.211213
0.204337 0.341379 0.211199
0.204952 0.340802 0.211185
0.205563 0.340228 0.211172
0.206172 0.339657 0.211158
0.206778 0.339088 0.211146
0.207381 0.338523 0.211133
0.207981 0.337960 0.211121
0.208578 0.337401 0.211109
0.209172 0.336844 0.211098
0.209764 0.336290 0.211086
0.210353 0.335738 0.211075
0.210939 0.335189 0.211065
0.211524 0.334642 0.211054
0.212105 0.334097 0.211043
0.212685 0.333555 0.211033
0.213261 0.333015 0.211023
0.213835 0.332477 0.211012
0.214407 0.331942 0.211002
0.214976 0.331409 0.210991
0.215542 0.330879 0.210980
0.216106 0.330350 0.210969
0.216666 0.329824 0.210958
0.217225 0.329300 0.210946
0.217780 0.328779 0.210934
0.218333 0.328260 0.210922
0.218883 0.327743 0.210909
0.219430 0.327229 0.210896
0.219974 0.326717 0.210882
0.220516 0.326207 0.210867
0.221054 0.325700 0.210852
0.221590 0.325195 0.210836
0.222123 0.324692 0.210820
0.222653 0.324192 0.210803
0.223180 0.323694 0.210784
0.223704 0.323198 0.210765
0.224225 0.322705 0.210745
0.224743 0.322215 0.210724
0.225258 0.321726 0.210703
0.225770 0.321241 0.210680
0.226280 0.320757 0.210657
0.226787 0.320277 0.210634
0.227291 0.319798 0.210611
0.227793 0.319322 0.210589
0.228293 0.318848 0.210566
0.228790 0.318377 0.210544
0.229285 0.317908 0.210523
0.229777 0.317442 0.210502
0.230268 0.316978 0.210482
0.230757 0.316516 0.210463
0.231243 0.316057 0.210446
0.231728 0.315600 0.210429
0.232210 0.315145 0.210414
0.232691 0.314693 0.210400
0.233170 0.314243 0.210388
0.233647 0.313795 0.210377
0.234122 0.313349 0.210368
0.234596 0.312906 0.210360
0.235067 0.312465 0.210354
0.235537 0.312026 0.210349
0.236006 0.311590 0.210347
0.236472 0.311156 0.210346
0.236937 0.310724 0.210347
0.237401 0.310294 0.210349
0.237862 0.309866 0.210353
0.238322 0.309441 0.210359
0.238781 0.309017 0.210367
0.239238 0.308596 0.210377
0.239693 0.308177 0.210388
0.240146 0.307760 0.210401
0.240598 0.307346 0.210415
0.241047 0.306933 0.210429
0.241495 0.306523 0.210445
0.241940 0.306115 0.210461
0.242382 0.305709 0.210477
0.242822 0.305306 0.210492
0.243259 0.304905 0.210507
0.243693 0.304506 0.210522
0.244124 0.304109 0.210536
0.244552 0.303715 0.210548
0.244977 0.303323 0.210560
0.245399 0.302934 0.210569
0.245817 0.302547 0.210578
0.246232 0.302162 0.210584
0.246643 0.301780 0.210588
0.247051 0.301401 0.210591
0.247455 0.301024 0.210591
0.247855 0.300650 0.210588
0.248252 0.300278 0.210584
0.248644 0.299909 0.210576
0.249033 0.299543 0.210566
0.249417 0.299179 0.210554
0.249798 0.298819 0.210538
0.250175 0.298461 0.210520
0.250547 0.298106 0.210498
0.250916 0.297753 0.210474
0.251280 0.297404 0.210446
0.251640 0.297057 0.210415
0.251996 0.296714 0.210382
0.252348 0.296373 0.210345
0.252696 0.296035 0.210304
0.253039 0.295701 0.210261
0.253378 0.295369 0.210214
0.253713 0.295040 0.210164
0.254044 0.294715 0.210111
0.254370 0.294392 0.210055
0.254693 0.294073 0.209995
0.255011 0.293757 0.209933
0.255325 0.293444 0.209868
0.255635 0.293135 0.209802
0.255942 0.292828 0.209734
0.256246 0.292525 0.209666
0.256546 0.292224 0.209598
0.256844 0.291926 0.209531
0.257140 0.291631 0.209464
0.257433 0.291339 0.209398
0.257724 0.291049 0.209334
0.258013 0.290761 0.209272
0.258300 0.290477 0.209212
0.258585 0.290194 0.209154
0.258869 0.289914 0.209099
0.259152 0.289636 0.209047
0.259433 0.289361 0.208997
0.259713 0.289088 0.208951
0.259991 0.288816 0.208909
0.260269 0.288547 0.208870
0.260545 0.288280 0.208834
0.260821 0.288015 0.208802
0.261096 0.287752 0.208774
0.261370 0.287491 0.208750
0.261643 0.287231 0.208730
0.261915 0.286974 0.208713
0.262187 0.286718 0.208701
0.262457 0.286464 0.208692
0.262728 0.286212 0.208687
0.262997 0.285961 0.208686
0.263266 0.285712 0.208689
0.263534 0.285465 0.208695
0.263801 0.285219 0.208705
0.264068 0.284975 0.208718
0.264333 0.284733 0.208736
0.264598 0.284492 0.208756
0.264863 0.284253 0.208780
0.265126 0.284016 0.208807
0.265388 0.283780 0.208837
0.265650 0.283545 0.208870
0.265911 0.283313 0.208905
0.266170 0.283082 0.208944
0.266429 0.282852 0.208985
0.266686 0.282624 0.209028
0.266943 0.282398 0.209074
0.267198 0.282173 0.209122
0.267452 0.281950 0.209172
0.267704 0.281728 0.209224
0.267955 0.281508 0.209278
0.268205 0.281290 0.209333
0.268453 0.281074 0.209390
0.268700 0.280859 0.209448
0.268945 0.280646 0.209507
0.269189 0.280434 0.209567
0.269431 0.280225 0.209628
0.269671 0.280017 0.209690
0.269910 0.279809 0.209753
0.270150 0.279603 0.209816
0.270389 0.279396 0.209880
0.270627 0.279190 0.209944
0.270864 0.278985 0.210009
0.271101 0.278780 0.210073
0.271336 0.278576 0.210136
0.271571 0.278373 0.210199
0.271804 0.278171 0.210261
0.272036 0.277969 0.210322
0.272266 0.277769 0.210382
0.272494 0.277569 0.210441
0.272721 0.277371 0.210498
0.272947 0.277174 0.210554
0.273170 0.276978 0.210608
0.273391 0.276783 0.210660
0.273611 0.276590 0.210710
0.273828 0.276398 0.210759
0.274043 0.276207 0.210805
0.274256 0.276018 0.210850
0.274467 0.275831 0.210892
0.274675 0.275645 0.210933
0.274882 0.275460 0.210971
0.275085 0.275277 0.211007
0.275287 0.275096 0.211040
0.275486 0.274916 0.211072
0.275682 0.274738 0.211101
0.275876 0.274562 0.211128
0.276067 0.274388 0.211153
0.276256 0.274215 0.211175
0.276443 0.274044 0.211196
0.276626 0.273876 0.211214
0.276808 0.273709 0.211230
0.276986 0.273543 0.211244
0.277162 0.273380 0.211255
0.277336 0.273219 0.211265
0.277507 0.273060 0.211273
0.277675 0.272902 0.211278
0.277840 0.272747 0.211282
0.278003 0.272594 0.211284
0.278164 0.272442 0.211284
0.278322 0.272293 0.211282
0.278477 0.272146 0.211278
0.278630 0.272001 0.211273
0.278780 0.271857 0.211266
0.278927 0.271716 0.211258
0.279072 0.271577 0.211247
0.279215 0.271440 0.211236
0.279355 0.271305 0.211223
0.279493 0.271172 0.211209
0.279628 0.271041 0.211193
0.279760 0.270913 0.211177
0.279890 0.270786 0.211159
0.280018 0.270661 0.211140
0.280144 0.270539 0.211120
0.280267 0.270418 0.211099
0.280387 0.270299 0.211077
0.280506 0.270183 0.211054
0.280622 0.270068 0.211030
0.280735 0.269956 0.211006
0.280847 0.269846 0.210981
0.280956 0.269737 0.210955
0.281063 0.269631 0.210928
0.281168 0.269526 0.210902
0.281270 0.269424 0.210874
0.281371 0.269323 0.210846
0.281469 0.269224 0.210818
0.281566 0.269128 0.210789
0.281660 0.269033 0.210760
0.281752 0.268940 0.210731
0.281842 0.268849 0.210702
0.281930 0.268760 0.210672
0.282017 0.268672 0.210642
0.282101 0.268587 0.210612
0.282183 0.268503 0.210582
0.282264 0.268421 0.210552
0.282342 0.268341 0.210522
0.282419 0.268263 0.210493
0.282494 0.268186 0.210463
0.282567 0.268111 0.210433
0.282639 0.268038 0.210403
0.282709 0.267966 0.210374
0.282777 0.267896 0.210345
0.282843 0.267828 0.210316
0.282908 0.267761 0.210287
0.282971 0.267696 0.210258
0.283033 0.267633 0.210230
0.283093 0.267571 0.210202
0.283151 0.267511 0.210174
0.283208 0.267452 0.210147
0.283263 0.267394 0.210120
0.283317 0.267338 0.210093
0.283370 0.267284 0.210067
0.283421 0.267231 0.210041
0.283471 0.267179 0.210015
0.283519 0.267129 0.209990
0.283566 0.267080 0.209966
0.283612 0.267032 0.209941
0.283656 0.266986 0.209918
0.283699 0.266941 0.209894
0.283741 0.266897 0.209871
0.283782 0.266855 0.209849
0.283821 0.266813 0.209827
0.283859 0.266773 0.209805
0.283896 0.266734 0.209784
0.283932 0.266697 0.209764
0.283967 0.266660 0.209744
0.284001 0.266625 0.209724
0.284034 0.266590 0.209705
0.284065 0.266557 0.209686
0.284096 0.266525 0.209668
0.284126 0.266494 0.209651
0.284154 0.266464 0.209634
0.284182 0.266435 0.209617
0.284208 0.266407 0.209601
0.284234 0.266380 0.209585
0.284259 0.266353 0.209570
0.284283 0.266328 0.209555
0.284306 0.266304 0.209541
0.284328 0.266281 0.209527
0.284350 0.266258 0.209513
0.284370 0.266236 0.209500
0.284390 0.266216 0.209488
0.284409 0.266196 0.209476
0.284427 0.266177 0.209464
0.284444 0.266158 0.209453
0.284461 0.266141 0.209443
0.284476 0.266124 0.209433
0.284491 0.266108 0.209423
0.284506 0.266093 0.209414
0.284519 0.266079 0.209405
0.284532 0.266065 0.209396
0.284545 0.266052 0.209388
0.284556 0.266040 0.209381
0.284567 0.266028 0.209373
0.284577 0.266017 0.209367
0.284587 0.266007 0.209360
0.284596 0.265998 0.209354
0.284604 0.265989 0.209349
0.284612 0.265981 0.209344
0.284619 0.265973 0.209339
0.284625 0.265966 0.209335
0.284631 0.265960 0.209331
0.284636 0.265954 0.209327
0.284641 0.265950 0.209324
0.284645 0.265945 0.209322
0.284649 0.265942 0.209319
0.284652 0.265939 0.209317
0.284654 0.265936 0.209316
0.284656 0.265934 0.209315
0.284657 0.265933 0.209314
0.284657 0.265932 0.209313
0.284658 0.265931 0.209313
0.284659 0.265930 0.209312
0.284661 0.265928 0.209311
0.284663 0.265926 0.209309
0.284666 0.265923 0.209307
0.284669 0.265920 0.209305
0.284673 0.265916 0.209303
0.284677 0.265912 0.209300
0.284681 0.265907 0.209297
0.284686 0.265902 0.209294
0.284691 0.265896 0.209291
0.284697 0.265890 0.209287
0.284703 0.265884 0.209283
0.284710 0.265877 0.209278
0.284717 0.265870 0.209273
0.284724 0.265862 0.209268
0.284732 0.265853 0.209263
0.284740 0.265845 0.209257
0.284748 0.265836 0.209252
0.284757 0.265826 0.209246
0.284767 0.265816 0.209239
0.284776 0.265806 0.209232
0.284786 0.265795 0.209226
0.284797 0.265784 0.209218
0.284807 0.265773 0.209211
0.284818 0.265761 0.209203
0.284830 0.265749 0.209195
0.284842 0.265737 0.209187
0.284854 0.265724 0.209179
0.284866 0.265711 0.209170
0.284879 0.265697 0.209161
0.284892 0.265683 0.209152
0.284905 0.265669 0.209143
0.284918 0.265655 0.209133
0.284932 0.265640 0.209123
0.284946 0.265626 0.209113
0.284960 0.265610 0.209103
0.284975 0.265595 0.209093
0.284989 0.265579 0.209082
0.285004 0.265564 0.209072
0.285019 0.265548 0.209061
0.285035 0.265531 0.209050
0.285050 0.265515 0.209038
0.285066 0.265498 0.209027
0.285081 0.265481 0.209015
0.285097 0.265465 0.209004
0.285113 0.265448 0.208992
0.285129 0.265430 0.208980
0.285145 0.265413 0.208968
0.285162 0.265396 0.208956
0.285178 0.265378 0.208944
0.285194 0.265361 0.208932
0.285211 0.265343 0.208919
0.285227 0.265326 0.208907
0.285244 0.265308 0.208894
0.285260 0.265291 0.208882
0.285277 0.265273 0.208869
0.285293 0.265255 0.208857
0.285310 0.265238 0.208844
0.285326 0.265220 0.208832
0.285343 0.265203 0.208819
0.285359 0.265186 0.208806
0.285375 0.265169 0.208794
0.285391 0.265151 0.208782
0.285407 0.265134 0.208769
0.285423 0.265118 0.208757
0.285439 0.265101 0.208745
0.285454 0.265085 0.208732
0.285470 0.265068 0.208720
0.285485 0.265052 0.208708
0.285500 0.265036 0.208697
0.285514 0.265021 0.208685
0.285529 0.265005 0.208673
0.285543 0.264990 0.208662
0.285557 0.264975 0.208651
0.285571 0.264961 0.208640
0.285585 0.264947 0.208629
0.285598 0.264933 0.208618
0.285611 0.264919 0.208608
0.285623 0.264906 0.208598
0.285636 0.264893 0.208588
0.285648 0.264881 0.208579
0.285659 0.264869 0.208569
0.285670 0.264857 0.208560
0.285681 0.264846 0.208552
0.285691 0.264835 0.208543
0.285701 0.264825 0.208535
0.285711 0.264815 0.208527
0.285720 0.264806 0.208520
0.285729 0.264797 0.208513
0.285737 0.264789 0.208506
0.285745 0.264781 0.208500
0.285752 0.264774 0.208494
0.285759 0.264767 0.208489
0.285765 0.264761 0.208484
0.285771 0.264755 0.208479
0.285776 0.264750 0.208475
0.285781 0.264746 0.208471
0.285785 0.264742 0.208467
0.285789 0.264739 0.208465
0.285792 0.264736 0.208462
0.285795 0.264734 0.208460
0.285797 0.264733 0.208459
0.285798 0.264732 0.208458
0.285799 0.264732 0.208457
0.285799 0.264733 0.208457
0.285799 0.264734 0.208458
0.285798 0.264736 0.208458
0.285796 0.264739 0.208460
0.285794 0.264742 0.208462
0.285791 0.264746 0.208464
0.285788 0.264750 0.208467
0.285783 0.264756 0.208471
0.285779 0.264762 0.208475
0.285773 0.264768 0.208479
0.285767 0.264776 0.208484
0.285761 0.264784 0.208490
0.285753 0.264793 0.208496
0.285745 0.264802 0.208503
0.285737 0.264812 0.208510
0.285728 0.264823 0.208517
0.285718 0.264835 0.208525
0.285707 0.264847 0.208534
0.285696 0.264860 0.208543
0.285684 0.264873 0.208553
0.285672 0.264888 0.208563
0.285659 0.264902 0.208573
0.285645 0.264918 0.208584
0.285631 0.264934 0.208596
0.285616 0.264951 0.208607
0.285600 0.264968 0.208620
0.285584 0.264986 0.208633
0.285567 0.265005 0.208646
0.285550 0.265024 0.208659
0.285532 0.265044 0.208673
0.285513 0.265064 0.208688
0.285494 0.265085 0.208702
0.285475 0.265106 0.208717
0.285455 0.265128 0.208733
0.285434 0.265151 0.208748
0.285413 0.265173 0.208764
0.285392 0.265197 0.208781
0.285370 0.265220 0.208797
0.285347 0.265244 0.208814
0.285324 0.265269 0.208831
0.285301 0.265294 0.208849
0.285277 0.265319 0.208866
0.285253 0.265344 0.208884
0.285229 0.265369 0.208902
0.285205 0.265395 0.208920
0.285180 0.265421 0.208938
0.285154 0.265447 0.208957
0.285129 0.265474 0.208975
0.285104 0.265500 0.208994
0.285078 0.265526 0.209012
0.285052 0.265553 0.209031
0.285026 0.265579 0.209049
0.285000 0.265605 0.209068
0.284974 0.265631 0.209087
0.284948 0.265657 0.209105
0.284923 0.265683 0.209124
0.284897 0.265708 0.209142
0.284871 0.265734 0.209160
0.284846 0.265758 0.209178
0.284821 0.265783 0.209196
0.284796 0.265807 0.209214
0.284771 0.265830 0.209232
0.284747 0.265853 0.209249
0.284724 0.265875 0.209266
0.284700 0.265896 0.209282
0.284678 0.265917 0.209299
0.284656 0.265936 0.209315
0.284634 0.265955 0.209330
0.284614 0.265973 0.209345
0.284594 0.265990 0.209360
0.284575 0.266005 0.209374
0.284557 0.266020 0.209388
0.284540 0.266034 0.209401
0.284524 0.266046 0.209414
0.284509 0.266058 0.209427
0.284494 0.266069 0.209439
0.284481 0.266078 0.209450
0.284469 0.266086 0.209462
0.284458 0.266093 0.209472
0.284448 0.266100 0.209483
0.284439 0.266104 0.209493
0.284431 0.266108 0.209502
0.284424 0.266111 0.209511
0.284419 0.266112 0.209520
0.284415 0.266112 0.209528
0.284412 0.266111 0.209536
0.284410 0.266109 0.209543
0.284410 0.266106 0.209550
0.284411 0.266101 0.209557
0.284414 0.266095 0.209563
0.284418 0.266088 0.209568
0.284423 0.266079 0.209574
0.284430 0.266070 0.209578
0.284439 0.266058 0.209583
0.284449 0.266046 0.209586
0.284461 0.266032 0.209590
0.284474 0.266017 0.209592
0.284490 0.266000 0.209595
0.284506 0.265982 0.209597
0.284525 0.265963 0.209598
0.284545 0.265942 0.209599
0.284568 0.265919 0.209600
0.284592 0.265896 0.209599
0.284618 0.265870 0.209599
0.284646 0.265843 0.209598
0.284675 0.265815 0.209596
0.284707 0.265785 0.209594
0.284741 0.265754 0.209592
0.284777 0.265721 0.209589
0.284816 0.265686 0.209585
0.284856 0.265650 0.209581
0.284899 0.265613 0.209577
0.284944 0.265573 0.209572
0.284991 0.265532 0.209566
0.285040 0.265489 0.209560
0.285092 0.265445 0.209553
0.285146 0.265399 0.209546
0.285203 0.265351 0.209539
0.285262 0.265301 0.209531
0.285324 0.265250 0.209522
0.285389 0.265196 0.209513
0.285456 0.265141 0.209503
0.285525 0.265085 0.209493
0.285598 0.265026 0.209483
0.285673 0.264965 0.209472
0.285751 0.264903 0.209461
0.285832 0.264838 0.209449
0.285916 0.264772 0.209436
0.286002 0.264704 0.209424
0.286092 0.264633 0.209411
0.286185 0.264561 0.209397
0.286281 0.264487 0.209383
0.286380 0.264410 0.209369
0.286482 0.264332 0.209354
0.286588 0.264251 0.209339
0.286697 0.264168 0.209324
0.286809 0.264084 0.209308
0.286924 0.263997 0.209292
0.287043 0.263907 0.209275
0.287166 0.263816 0.209259
0.287292 0.263722 0.209242
0.287421 0.263626 0.209225
0.287555 0.263528 0.209207
0.287692 0.263427 0.209190
0.287832 0.263324 0.209172
0.287977 0.263219 0.209154
0.288125 0.263111 0.209136
0.288277 0.263001 0.209118
0.288434 0.262889 0.209100
0.288593 0.262774 0.209082
0.288757 0.262656 0.209063
0.288925 0.262537 0.209045
0.289096 0.262415 0.209026
0.289271 0.262290 0.209008
0.289449 0.262164 0.208989
0.289631 0.262035 0.208970
0.289816 0.261904 0.208951
0.290005 0.261771 0.208933
0.290197 0.261635 0.208914
0.290393 0.261498 0.208895
0.290592 0.261358 0.208876
0.290794 0.261216 0.208857
0.290999 0.261072 0.208838
0.291208 0.260927 0.208819
0.291419 0.260779 0.208800
0.291633 0.260629 0.208781
0.291851 0.260477 0.208763
0.292071 0.260323 0.208744
0.292294 0.260168 0.208725
0.292520 0.260010 0.208706
0.292749 0.259851 0.208687
0.292980 0.259690 0.208668
0.293214 0.259527 0.208649
0.293450 0.259363 0.208630
0.293689 0.259197 0.208612
0.293930 0.259029 0.208593
0.294174 0.258859 0.208574
0.294420 0.258688 0.208555
0.294668 0.258516 0.208537
0.294918 0.258342 0.208518
0.295171 0.258166 0.208500
0.295425 0.257989 0.208481
0.295681 0.257811 0.208462
0.295940 0.257632 0.208444
0.296200 0.257451 0.208425
0.296461 0.257268 0.208407
0.296725 0.257085 0.208389
0.296990 0.256900 0.208370
0.297257 0.256715 0.208352
0.297525 0.256528 0.208334
0.297794 0.256340 0.208315
0.298065 0.256151 0.208297
0.298337 0.255962 0.208279
0.298610 0.255771 0.208261
0.298885 0.255580 0.208242
0.299160 0.255387 0.208224
0.299436 0.255194 0.208206
0.299714 0.255001 0.208188
0.299992 0.254806 0.208170
0.300271 0.254611 0.208152
0.300550 0.254416 0.208134
0.300830 0.254220 0.208116
0.301111 0.254023 0.208098
0.301392 0.253826 0.208080
0.301673 0.253629 0.208061
0.301955 0.253432 0.208043
0.302236 0.253234 0.208025
0.302518 0.253037 0.208007
0.302800 0.252839 0.207989
0.303082 0.252641 0.207971
0.303364 0.252443 0.207953
0.303645 0.252245 0.207935
0.303927 0.252048 0.207916
0.304207 0.251850 0.207898
0.304488 0.251653 0.207880
0.304768 0.251456 0.207861
0.305047 0.251260 0.207843
0.305326 0.251064 0.207824
0.305608 0.250865 0.207806
0.305894 0.250664 0.207786
0.306184 0.250460 0.207767
0.306478 0.250253 0.207747
0.306776 0.250043 0.207726
0.307078 0.249831 0.207705
0.307383 0.249616 0.207684
0.307693 0.249399 0.207663
0.308005 0.249179 0.207641
0.308322 0.248956 0.207618
0.308642 0.248731 0.207595
0.308966 0.248503 0.207572
0.309293 0.248273 0.207549
0.309624 0.248041 0.207524
0.309959 0.247805 0.207500
0.310297 0.247568 0.207475
0.310639 0.247328 0.207450
0.310985 0.247085 0.207424
0.311334 0.246840 0.207398
0.311686 0.246592 0.207371
0.312043 0.246343 0.207344
0.312402 0.246090 0.207317
0.312766 0.245835 0.207289
0.313133 0.245578 0.207260
0.313504 0.245318 0.207232
0.313879 0.245056 0.207203
0.314257 0.244791 0.207173
0.314639 0.244523 0.207143
0.315025 0.244253 0.207112
0.315415 0.243980 0.207081
0.315809 0.243705 0.207050
0.316207 0.243427 0.207018
0.316609 0.243146 0.206986
0.317015 0.242862 0.206954
0.317426 0.242576 0.206920
0.317841 0.242286 0.206887
0.318260 0.241994 0.206853
0.318684 0.241698 0.206819
0.319112 0.241399 0.206784
0.319545 0.241097 0.206749
0.319983 0.240792 0.206714
0.320427 0.240483 0.206678
0.320875 0.240170 0.206642
0.321328 0.239854 0.206606
0.321787 0.239534 0.206569
0.322252 0.239210 0.206532
0.322722 0.238882 0.206494
0.323198 0.238550 0.206457
0.323679 0.238214 0.206419
0.324167 0.237873 0.206380
0.324660 0.237529 0.206342
0.325158 0.237181 0.206303
0.325663 0.236828 0.206264
0.326173 0.236472 0.206224
0.326688 0.236111 0.206184
0.327209 0.235747 0.206144
0.327736 0.235378 0.206104
0.328268 0.235006 0.206063
0.328806 0.234630 0.206022
0.329349 0.234249 0.205980
0.329898 0.233865 0.205939
0.330451 0.233477 0.205897
0.331011 0.233085 0.205854
0.331575 0.232689 0.205812
0.332145 0.232290 0.205769
0.332720 0.231887 0.205725
0.333300 0.231480 0.205682
0.333885 0.231070 0.205638
0.334475 0.230656 0.205593
0.335070 0.230238 0.205549
0.335670 0.229817 0.205504
0.336274 0.229393 0.205458
0.336884 0.228965 0.205413
0.337498 0.228534 0.205367
0.338117 0.228100 0.205320
0.338740 0.227663 0.205273
0.339367 0.227223 0.205226
0.340001 0.226778 0.205178
0.340642 0.226329 0.205130
0.341289 0.225875 0.205081
0.341945 0.225415 0.205031
0.342607 0.224951 0.204981
0.343276 0.224482 0.204930
0.343953 0.224007 0.204879
0.344637 0.223528 0.204827
0.345328 0.223044 0.204774
0.346026 0.222555 0.204721
0.346732 0.222061 0.204667
0.347445 0.221561 0.204613
0.348166 0.221057 0.204557
0.348893 0.220547 0.204502
0.349628 0.220033 0.204445
0.350371 0.219513 0.204389
0.351121 0.218988 0.204331
0.351878 0.218458 0.204273
0.352643 0.217923 0.204214
0.353416 0.217382 0.204155
0.354196 0.216836 0.204095
0.354984 0.216285 0.204035
0.355779 0.215728 0.203974
0.356583 0.215166 0.203913
0.357394 0.214598 0.203851
0.358212 0.214025 0.203788
0.359039 0.213446 0.203725
0.359873 0.212862 0.203661
0.360715 0.212273 0.203597
0.361565 0.211678 0.203532
0.362422 0.211077 0.203467
0.363287 0.210472 0.203401
0.364160 0.209860 0.203334
0.365040 0.209244 0.203267
0.365928 0.208622 0.203199
0.366824 0.207994 0.203131
0.367727 0.207361 0.203062
0.368638 0.206723 0.202993
0.369557 0.206080 0.202923
0.370483 0.205431 0.202852
0.371417 0.204777 0.202781
0.372358 0.204118 0.202709
0.373307 0.203453 0.202637
0.374261 0.202784 0.202564
0.375220 0.202113 0.202491
0.376182 0.201439 0.202418
0.377148 0.200762 0.202344
0.378118 0.200083 0.202270
0.379092 0.199401 0.202196
0.380069 0.198716 0.202121
0.381051 0.198029 0.202046
0.382036 0.197339 0.201971
0.383025 0.196646 0.201896
0.384017 0.195951 0.201820
0.385014 0.195253 0.201744
0.386014 0.194553 0.201667
0.387018 0.193850 0.201591
0.388026 0.193144 0.201514
0.389038 0.192435 0.201437
0.390054 0.191724 0.201359
0.391073 0.191010 0.201281
0.392092 0.190296 0.201203
0.393113 0.189581 0.201126
0.394134 0.188866 0.201048
0.395155 0.188151 0.200970
0.396177 0.187435 0.200892
0.397200 0.186719 0.200814
0.398223 0.186003 0.200736
0.399247 0.185286 0.200658
0.400271 0.184568 0.200580
0.401296 0.183850 0.200501
0.402321 0.183132 0.200423
0.403347 0.182414 0.200345
0.404373 0.181695 0.200267
0.405400 0.180976 0.200188
0.406428 0.180256 0.200110
0.407456 0.179536 0.200031
0.408485 0.178815 0.199953
0.409515 0.178094 0.199874
0.410545 0.177372 0.199796
0.411577 0.176649 0.199717
0.412610 0.175926 0.199638
0.413644 0.175202 0.199559
0.414679 0.174477 0.199480
0.415715 0.173751 0.199401
0.416753 0.173025 0.199322
0.417791 0.172298 0.199243
0.418830 0.171570 0.199164
0.419870 0.170841 0.199084
0.420911 0.170112 0.199005
0.421954 0.169382 0.198925
0.422997 0.168652 0.198846
0.424041 0.167920 0.198766
0.425088 0.167187 0.198686
0.426140 0.166450 0.198606
0.427199 0.165709 0.198525
0.428265 0.164962 0.198444
0.429338 0.164211 0.198362
0.430418 0.163454 0.198280
0.431504 0.162693 0.198197
0.432598 0.161928 0.198113
0.433698 0.161157 0.198029
0.434805 0.160382 0.197945
0.435919 0.159601 0.197860
0.437040 0.158816 0.197774
0.438168 0.158027 0.197688
0.439302 0.157232 0.197602
0.440444 0.156432 0.197515
0.441592 0.155628 0.197427
0.442747 0.154819 0.197339
0.443909 0.154005 0.197250
0.445078 0.153187 0.197161
0.446254 0.152363 0.197071
0.447436 0.151535 0.196981
0.448626 0.150702 0.196890
0.449822 0.149864 0.196799
0.451025 0.149022 0.196707
0.452235 0.148174 0.196615
0.453452 0.147322 0.196522
0.454675 0.146465 0.196429
0.455906 0.145603 0.196335
0.457143 0.144737 0.196241
0.458387 0.143865 0.196146
0.459639 0.142989 0.196050
0.460896 0.142108 0.195954
0.462161 0.141222 0.195858
0.463433 0.140332 0.195761
0.464711 0.139436 0.195663
0.465997 0.138536 0.195565
0.467289 0.137631 0.195467
0.468588 0.136721 0.195368
0.469894 0.135807 0.195268
0.471206 0.134887 0.195168
0.472526 0.133963 0.195067
0.473852 0.133034 0.194966
0.475186 0.132101 0.194864
0.476526 0.131162 0.194762
0.477876 0.130216 0.194659
0.479235 0.129264 0.194555
0.480604 0.128306 0.194451
0.481982 0.127340 0.194346
0.483370 0.126369 0.194240
0.484767 0.125390 0.194133
0.486173 0.124405 0.194026
0.487589 0.123414 0.193918
0.489014 0.122415 0.193809
0.490449 0.121410 0.193700
0.491893 0.120399 0.193589
0.493347 0.119381 0.193479
0.494806 0.118359 0.193367
0.496271 0.117333 0.193255
0.497742 0.116303 0.193143
0.499218 0.115269 0.193031
0.500700 0.114231 0.192918
0.502187 0.113190 0.192804
0.503680 0.112144 0.192690
0.505178 0.111095 0.192576
0.506682 0.110042 0.192461
0.508191 0.108984 0.192346
0.509706 0.107923 0.192230
0.511220 0.106863 0.192115
0.512723 0.105811 0.192000
0.514215 0.104766 0.191886
0.515697 0.103728 0.191773
0.517168 0.102697 0.191661
0.518629 0.101674 0.191550
0.520079 0.100659 0.191439
0.521518 0.099651 0.191329
0.522947 0.098650 0.191220
0.524365 0.097657 0.191112
0.525773 0.096671 0.191005
0.527170 0.095692 0.190898
0.528552 0.094724 0.190793
0.529919 0.093767 0.190688
0.531268 0.092822 0.190585
0.532602 0.091888 0.190484
0.533919 0.090966 0.190383
0.535220 0.090054 0.190284
0.536505 0.089155 0.190186
0.537773 0.088266 0.190089
0.539025 0.087389 0.189994
0.540261 0.086524 0.189899
0.541481 0.085670 0.189806
0.542684 0.084827 0.189714
0.543871 0.083996 0.189624
0.545042 0.083176 0.189535
0.546199 0.082366 0.189446
0.547340 0.081566 0.189359
0.548467 0.080777 0.189273
0.549580 0.079998 0.189188
0.550677 0.079229 0.189105
0.551760 0.078471 0.189022
0.552828 0.077723 0.188941
0.553881 0.076985 0.188860
0.554919 0.076258 0.188781
0.555943 0.075541 0.188703
0.556952 0.074834 0.188626
0.557946 0.074138 0.188550
0.558925 0.073452 0.188475
0.559890 0.072777 0.188402
0.560839 0.072112 0.188329
0.561775 0.071456 0.188258
0.562697 0.070811 0.188188
0.563605 0.070175 0.188118
0.564500 0.069548 0.188050
0.565382 0.068931 0.187983
0.566249 0.068323 0.187917
0.567104 0.067724 0.187851
0.567945 0.067135 0.187787
0.568772 0.066556 0.187724
0.569586 0.065986 0.187662
0.570386 0.065426 0.187601
0.571173 0.064874 0.187541
0.571946 0.064333 0.187482
0.572706 0.063801 0.187424
0.573452 0.063278 0.187367
0.574185 0.062765 0.187311
0.574904 0.062261 0.187256
0.575610 0.061767 0.187202
0.576302 0.061282 0.187150
0.576980 0.060807 0.187098
0.577646 0.060341 0.187047
0.578297 0.059885 0.186997
0.578936 0.059437 0.186949
0.579563 0.058998 0.186901
0.580178 0.058568 0.186854
0.580779 0.058146 0.186808
0.581369 0.057734 0.186763
0.581946 0.057329 0.186719
0.582511 0.056934 0.186676
0.583063 0.056547 0.186634
0.583603 0.056169 0.186593
0.584130 0.055800 0.186552
0.584645 0.055439 0.186513
0.585148 0.055087 0.186475
0.585638 0.054744 0.186437
0.586116 0.054409 0.186401
0.586581 0.054083 0.186365
0.587034 0.053766 0.186331
0.587475 0.053457 0.186297
0.587903 0.053157 0.186265
0.588319 0.052866 0.186233
0.588722 0.052584 0.186202
0.589113 0.052310 0.186172
0.589491 0.052045 0.186143
0.589858 0.051789 0.186116
0.590211 0.051541 0.186089
0.590552 0.051302 0.186063
0.590881 0.051071 0.186037
0.591198 0.050850 0.186013
0.591502 0.050637 0.185990
0.591793 0.050433 0.185968
0.592073 0.050237 0.185947
0.592340 0.050050 0.185926
0.592594 0.049872 0.185907
0.592836 0.049703 0.185888
0.593066 0.049542 0.185871
0.593283 0.049390 0.185854
0.593487 0.049246 0.185839
0.593680 0.049111 0.185824
0.593860 0.048985 0.185810
0.594027 0.048868 0.185797
0.594182 0.048759 0.185786
0.594325 0.048660 0.185775
0.594455 0.048568 0.185765
0.594573 0.048486 0.185756
0.594679 0.048412 0.185748
0.594772 0.048347 0.185741
0.594853 0.048290 0.185734
0.594921 0.048242 0.185729
0.594977 0.048203 0.185725
0.595020 0.048173 0.185722
0.595051 0.048151 0.185719
0.595070 0.048138 0.185718
0.595076 0.048134 0.185717
