1.612789 -1.170703 -1.028690 1.695121 -1.531141 -0.050454
1.612787 -1.170716 -1.028710 1.695106 -1.531146 -0.050457
1.612782 -1.170753 -1.028768 1.695060 -1.531164 -0.050468
1.612774 -1.170816 -1.028866 1.694985 -1.531193 -0.050486
1.612762 -1.170904 -1.029004 1.694879 -1.531234 -0.050511
1.612746 -1.171017 -1.029180 1.694743 -1.531286 -0.050544
1.612728 -1.171155 -1.029396 1.694576 -1.531350 -0.050584
1.612706 -1.171318 -1.029651 1.694380 -1.531426 -0.050631
1.612680 -1.171506 -1.029945 1.694153 -1.531513 -0.050685
1.612651 -1.171719 -1.030278 1.693896 -1.531612 -0.050747
1.612619 -1.171957 -1.030651 1.693609 -1.531722 -0.050815
1.612583 -1.172221 -1.031062 1.693292 -1.531845 -0.050891
1.612544 -1.172509 -1.031512 1.692944 -1.531978 -0.050975
1.612501 -1.172822 -1.032002 1.692567 -1.532124 -0.051065
1.612455 -1.173160 -1.032530 1.692159 -1.532281 -0.051163
1.612405 -1.173523 -1.033097 1.691721 -1.532449 -0.051269
1.612352 -1.173911 -1.033703 1.691253 -1.532629 -0.051381
1.612296 -1.174324 -1.034348 1.690755 -1.532821 -0.051501
1.612236 -1.174762 -1.035032 1.690227 -1.533025 -0.051629
1.612173 -1.175225 -1.035754 1.689669 -1.533239 -0.051763
1.612106 -1.175712 -1.036515 1.689081 -1.533466 -0.051905
1.612035 -1.176225 -1.037315 1.688463 -1.533704 -0.052055
1.611962 -1.176762 -1.038153 1.687815 -1.533953 -0.052212
1.611884 -1.177323 -1.039029 1.687137 -1.534214 -0.052376
1.611804 -1.177910 -1.039944 1.686429 -1.534487 -0.052548
1.611719 -1.178521 -1.040897 1.685692 -1.534771 -0.052727
1.611632 -1.179156 -1.041889 1.684925 -1.535066 -0.052914
1.611540 -1.179816 -1.042918 1.684127 -1.535373 -0.053108
1.611446 -1.180501 -1.043985 1.683301 -1.535692 -0.053310
1.611347 -1.181210 -1.045091 1.682444 -1.536021 -0.053520
1.611245 -1.181944 -1.046234 1.681558 -1.536363 -0.053737
1.611140 -1.182702 -1.047415 1.680642 -1.536715 -0.053961
1.611031 -1.183484 -1.048633 1.679697 -1.537079 -0.054194
1.610918 -1.184291 -1.049890 1.678722 -1.537455 -0.054434
1.610802 -1.185122 -1.051183 1.677717 -1.537842 -0.054682
1.610682 -1.185977 -1.052514 1.676683 -1.538240 -0.054937
1.610559 -1.186856 -1.053882 1.675620 -1.538649 -0.055200
1.610432 -1.187759 -1.055287 1.674527 -1.539070 -0.055472
1.610301 -1.188686 -1.056730 1.673405 -1.539502 -0.055751
1.610167 -1.189638 -1.058209 1.672254 -1.539945 -0.056037
1.610029 -1.190613 -1.059724 1.671073 -1.540400 -0.056332
1.609887 -1.191612 -1.061277 1.669864 -1.540866 -0.056635
1.609741 -1.192634 -1.062866 1.668625 -1.541342 -0.056945
1.609592 -1.193681 -1.064491 1.667357 -1.541831 -0.057264
1.609439 -1.194751 -1.066153 1.666060 -1.542330 -0.057591
1.609283 -1.195845 -1.067851 1.664735 -1.542840 -0.057926
1.609122 -1.196962 -1.069584 1.663380 -1.543362 -0.058269
1.608958 -1.198103 -1.071354 1.661996 -1.543894 -0.058620
1.608790 -1.199267 -1.073159 1.660584 -1.544438 -0.058979
1.608618 -1.200455 -1.075000 1.659143 -1.544992 -0.059347
1.608443 -1.201666 -1.076876 1.657673 -1.545558 -0.059723
1.608263 -1.202900 -1.078787 1.656175 -1.546134 -0.060108
1.608080 -1.204157 -1.080734 1.654648 -1.546722 -0.060500
1.607893 -1.205437 -1.082716 1.653092 -1.547320 -0.060902
1.607702 -1.206740 -1.084732 1.651508 -1.547929 -0.061311
1.607507 -1.208066 -1.086783 1.649896 -1.548550 -0.061730
1.607308 -1.209415 -1.088869 1.648255 -1.549180 -0.062156
1.607105 -1.210787 -1.090989 1.646586 -1.549822 -0.062592
1.606898 -1.212181 -1.093143 1.644889 -1.550474 -0.063036
1.606686 -1.213598 -1.095331 1.643164 -1.551138 -0.063489
1.606471 -1.215038 -1.097553 1.641411 -1.551811 -0.063951
1.606252 -1.216500 -1.099809 1.639629 -1.552496 -0.064422
1.606029 -1.217984 -1.102098 1.637820 -1.553191 -0.064902
1.605802 -1.219490 -1.104420 1.635982 -1.553896 -0.065390
1.605570 -1.221019 -1.106776 1.634117 -1.554612 -0.065888
1.605334 -1.222570 -1.109165 1.632224 -1.555339 -0.066395
1.605094 -1.224143 -1.111587 1.630304 -1.556076 -0.066911
1.604850 -1.225738 -1.114042 1.628356 -1.556823 -0.067436
1.604602 -1.227355 -1.116529 1.626380 -1.557580 -0.067970
1.604349 -1.228994 -1.119048 1.624376 -1.558348 -0.068514
1.604092 -1.230654 -1.121599 1.622345 -1.559127 -0.069067
1.603831 -1.232336 -1.124183 1.620287 -1.559915 -0.069630
1.603565 -1.234040 -1.126798 1.618202 -1.560714 -0.070202
1.603295 -1.235765 -1.129446 1.616089 -1.561522 -0.070784
1.603021 -1.237511 -1.132124 1.613948 -1.562341 -0.071376
1.602742 -1.239279 -1.134834 1.611781 -1.563170 -0.071977
1.602458 -1.241068 -1.137575 1.609587 -1.564009 -0.072589
1.602170 -1.242878 -1.140347 1.607365 -1.564858 -0.073210
1.601877 -1.244713 -1.143156 1.605112 -1.565718 -0.073842
1.601578 -1.246575 -1.146004 1.602824 -1.566591 -0.074487
1.601274 -1.248463 -1.148891 1.600504 -1.567476 -0.075144
1.600964 -1.250377 -1.151817 1.598149 -1.568374 -0.075812
1.600648 -1.252318 -1.154780 1.595762 -1.569283 -0.076493
1.600327 -1.254284 -1.157782 1.593341 -1.570205 -0.077187
1.600000 -1.256276 -1.160821 1.590886 -1.571139 -0.077893
1.599668 -1.258294 -1.163898 1.588399 -1.572085 -0.078611
1.599329 -1.260338 -1.167013 1.585878 -1.573042 -0.079342
1.598985 -1.262407 -1.170164 1.583324 -1.574012 -0.080086
1.598634 -1.264501 -1.173353 1.580738 -1.574993 -0.080842
1.598278 -1.266621 -1.176578 1.578118 -1.575985 -0.081612
1.597916 -1.268767 -1.179839 1.575465 -1.576990 -0.082395
1.597547 -1.270937 -1.183137 1.572780 -1.578006 -0.083191
1.597173 -1.273132 -1.186471 1.570062 -1.579033 -0.084000
1.596792 -1.275352 -1.189840 1.567311 -1.580071 -0.084823
1.596405 -1.277597 -1.193245 1.564528 -1.581121 -0.085659
1.596012 -1.279867 -1.196686 1.561712 -1.582182 -0.086509
1.595612 -1.282161 -1.200162 1.558864 -1.583254 -0.087373
1.595206 -1.284480 -1.203672 1.555983 -1.584337 -0.088251
1.594794 -1.286823 -1.207217 1.553069 -1.585430 -0.089142
1.594374 -1.289190 -1.210797 1.550124 -1.586535 -0.090048
1.593949 -1.291582 -1.214411 1.547146 -1.587650 -0.090969
1.593516 -1.293997 -1.218059 1.544136 -1.588775 -0.091903
1.593077 -1.296437 -1.221741 1.541093 -1.589911 -0.092853
1.592631 -1.298900 -1.225456 1.538019 -1.591058 -0.093817
1.592178 -1.301388 -1.229205 1.534912 -1.592214 -0.094796
1.591717 -1.303898 -1.232987 1.531773 -1.593381 -0.095789
1.591250 -1.306433 -1.236803 1.528602 -1.594558 -0.096798
1.590776 -1.308991 -1.240651 1.525399 -1.595744 -0.097823
1.590295 -1.311573 -1.244533 1.522163 -1.596941 -0.098863
1.589805 -1.314182 -1.248453 1.518891 -1.598149 -0.099920
1.589307 -1.316819 -1.252411 1.515581 -1.599368 -0.100994
1.588801 -1.319483 -1.256409 1.512233 -1.600599 -0.102086
1.588286 -1.322174 -1.260444 1.508848 -1.601841 -0.103196
1.587763 -1.324893 -1.264518 1.505426 -1.603095 -0.104325
1.587232 -1.327638 -1.268629 1.501967 -1.604359 -0.105471
1.586691 -1.330411 -1.272778 1.498470 -1.605634 -0.106636
1.586142 -1.333210 -1.276964 1.494937 -1.606919 -0.107819
1.585584 -1.336036 -1.281187 1.491366 -1.608215 -0.109022
1.585016 -1.338889 -1.285447 1.487758 -1.609522 -0.110243
1.584440 -1.341768 -1.289743 1.484112 -1.610838 -0.111484
1.583854 -1.344673 -1.294075 1.480430 -1.612164 -0.112743
1.583259 -1.347604 -1.298443 1.476711 -1.613500 -0.114023
1.582654 -1.350561 -1.302847 1.472955 -1.614846 -0.115322
1.582040 -1.353545 -1.307286 1.469162 -1.616201 -0.116642
1.581416 -1.356554 -1.311760 1.465331 -1.617565 -0.117981
1.580782 -1.359589 -1.316269 1.461464 -1.618938 -0.119341
1.580138 -1.362649 -1.320813 1.457560 -1.620320 -0.120722
1.579483 -1.365735 -1.325392 1.453619 -1.621711 -0.122124
1.578819 -1.368845 -1.330004 1.449641 -1.623109 -0.123547
1.578144 -1.371982 -1.334651 1.445626 -1.624517 -0.124991
1.577458 -1.375143 -1.339331 1.441575 -1.625931 -0.126457
1.576761 -1.378330 -1.344045 1.437485 -1.627354 -0.127944
1.576054 -1.381543 -1.348795 1.433357 -1.628785 -0.129455
1.575334 -1.384782 -1.353580 1.429190 -1.630224 -0.130988
1.574604 -1.388047 -1.358399 1.424985 -1.631671 -0.132545
1.573861 -1.391337 -1.363253 1.420741 -1.633124 -0.134125
1.573107 -1.394653 -1.368140 1.416458 -1.634585 -0.135729
1.572341 -1.397995 -1.373062 1.412136 -1.636053 -0.137356
1.571562 -1.401362 -1.378017 1.407776 -1.637527 -0.139008
1.570771 -1.404755 -1.383006 1.403377 -1.639007 -0.140684
1.569968 -1.408172 -1.388028 1.398940 -1.640493 -0.142386
1.569151 -1.411614 -1.393083 1.394464 -1.641985 -0.144112
1.568322 -1.415082 -1.398170 1.389948 -1.643482 -0.145863
1.567479 -1.418574 -1.403290 1.385394 -1.644984 -0.147640
1.566623 -1.422090 -1.408442 1.380802 -1.646491 -0.149443
1.565754 -1.425632 -1.413626 1.376170 -1.648002 -0.151273
1.564870 -1.429197 -1.418841 1.371499 -1.649518 -0.153128
1.563973 -1.432787 -1.424089 1.366789 -1.651037 -0.155011
1.563061 -1.436401 -1.429367 1.362040 -1.652559 -0.156920
1.562134 -1.440039 -1.434677 1.357252 -1.654085 -0.158857
1.561194 -1.443700 -1.440016 1.352426 -1.655613 -0.160821
1.560238 -1.447384 -1.445384 1.347562 -1.657143 -0.162813
1.559268 -1.451091 -1.450781 1.342660 -1.658674 -0.164832
1.558282 -1.454820 -1.456207 1.337720 -1.660207 -0.166879
1.557281 -1.458571 -1.461661 1.332742 -1.661740 -0.168955
1.556264 -1.462345 -1.467143 1.327726 -1.663274 -0.171060
1.555231 -1.466141 -1.472654 1.322671 -1.664808 -0.173193
1.554182 -1.469959 -1.478192 1.317578 -1.666341 -0.175356
1.553116 -1.473799 -1.483758 1.312446 -1.667874 -0.177549
1.552033 -1.477661 -1.489352 1.307276 -1.669405 -0.179771
1.550934 -1.481545 -1.494972 1.302068 -1.670935 -0.182024
1.549817 -1.485450 -1.500620 1.296820 -1.672462 -0.184308
1.548682 -1.489377 -1.506295 1.291534 -1.673987 -0.186623
1.547529 -1.493325 -1.511996 1.286209 -1.675509 -0.188969
1.546357 -1.497295 -1.517723 1.280844 -1.677027 -0.191347
1.545168 -1.501285 -1.523476 1.275441 -1.678541 -0.193757
1.543959 -1.505296 -1.529254 1.270000 -1.680050 -0.196198
1.542732 -1.509326 -1.535056 1.264522 -1.681554 -0.198672
1.541485 -1.513376 -1.540881 1.259006 -1.683051 -0.201178
1.540219 -1.517445 -1.546730 1.253452 -1.684542 -0.203716
1.538932 -1.521533 -1.552603 1.247860 -1.686026 -0.206288
1.537625 -1.525641 -1.558498 1.242230 -1.687503 -0.208893
1.536298 -1.529768 -1.564417 1.236561 -1.688971 -0.211532
1.534949 -1.533914 -1.570358 1.230855 -1.690430 -0.214205
1.533579 -1.538079 -1.576323 1.225110 -1.691880 -0.216913
1.532187 -1.542262 -1.582309 1.219326 -1.693320 -0.219655
1.530772 -1.546465 -1.588318 1.213504 -1.694749 -0.222433
1.529335 -1.550686 -1.594349 1.207642 -1.696167 -0.225247
1.527875 -1.554925 -1.600403 1.201742 -1.697573 -0.228097
1.526391 -1.559182 -1.606477 1.195803 -1.698967 -0.230982
1.524884 -1.563455 -1.612569 1.189828 -1.700347 -0.233903
1.523353 -1.567744 -1.618679 1.183819 -1.701712 -0.236859
1.521799 -1.572047 -1.624805 1.177773 -1.703061 -0.239850
1.520220 -1.576365 -1.630949 1.171693 -1.704395 -0.242878
1.518617 -1.580698 -1.637109 1.165577 -1.705711 -0.245941
1.516988 -1.585046 -1.643286 1.159425 -1.707010 -0.249041
1.515333 -1.589409 -1.649479 1.153237 -1.708291 -0.252177
1.513653 -1.593786 -1.655688 1.147014 -1.709553 -0.255351
1.511945 -1.598177 -1.661913 1.140754 -1.710795 -0.258562
1.510210 -1.602583 -1.668154 1.134459 -1.712016 -0.261812
1.508448 -1.607003 -1.674412 1.128127 -1.713217 -0.265099
1.506657 -1.611437 -1.680684 1.121758 -1.714395 -0.268426
1.504838 -1.615884 -1.686971 1.115355 -1.715550 -0.271790
1.502995 -1.620330 -1.693252 1.108936 -1.716677 -0.275182
1.501130 -1.624772 -1.699523 1.102506 -1.717777 -0.278601
1.499242 -1.629211 -1.705785 1.096065 -1.718846 -0.282045
1.497331 -1.633646 -1.712038 1.089612 -1.719886 -0.285516
1.495397 -1.638077 -1.718280 1.083148 -1.720896 -0.289012
1.493439 -1.642504 -1.724514 1.076673 -1.721875 -0.292535
1.491456 -1.646927 -1.730737 1.070187 -1.722823 -0.296084
1.489449 -1.651346 -1.736951 1.063689 -1.723738 -0.299660
1.487417 -1.655761 -1.743156 1.057180 -1.724622 -0.303262
1.485360 -1.660172 -1.749351 1.050659 -1.725472 -0.306890
1.483277 -1.664580 -1.755537 1.044126 -1.726288 -0.310546
1.481168 -1.668983 -1.761714 1.037583 -1.727071 -0.314228
1.479036 -1.673375 -1.767871 1.031038 -1.727818 -0.317930
1.476887 -1.677743 -1.773989 1.024513 -1.728526 -0.321642
1.474722 -1.682085 -1.780069 1.018008 -1.729195 -0.325362
1.472541 -1.686402 -1.786110 1.011524 -1.729826 -0.329090
1.470343 -1.690694 -1.792112 1.005060 -1.730418 -0.332826
1.468128 -1.694962 -1.798077 0.998616 -1.730970 -0.336569
1.465897 -1.699205 -1.804004 0.992194 -1.731484 -0.340320
1.463649 -1.703423 -1.809893 0.985791 -1.731959 -0.344077
1.461385 -1.707617 -1.815745 0.979410 -1.732395 -0.347842
1.459103 -1.711786 -1.821559 0.973049 -1.732792 -0.351612
1.456805 -1.715932 -1.827337 0.966709 -1.733149 -0.355390
1.454489 -1.720053 -1.833078 0.960390 -1.733467 -0.359173
1.452157 -1.724150 -1.838782 0.954092 -1.733746 -0.362961
1.449808 -1.728223 -1.844450 0.947816 -1.733986 -0.366755
1.447442 -1.732271 -1.850082 0.941561 -1.734187 -0.370554
1.445060 -1.736296 -1.855677 0.935328 -1.734348 -0.374357
1.442660 -1.740297 -1.861236 0.929117 -1.734470 -0.378164
1.440244 -1.744273 -1.866759 0.922928 -1.734552 -0.381976
1.437810 -1.748226 -1.872246 0.916761 -1.734595 -0.385790
1.435360 -1.752156 -1.877698 0.910616 -1.734598 -0.389608
1.432892 -1.756061 -1.883115 0.904494 -1.734562 -0.393430
1.430408 -1.759943 -1.888496 0.898395 -1.734487 -0.397253
1.427906 -1.763802 -1.893842 0.892319 -1.734372 -0.401080
1.425388 -1.767637 -1.899154 0.886265 -1.734218 -0.404908
1.422852 -1.771449 -1.904431 0.880234 -1.734024 -0.408738
1.420299 -1.775238 -1.909673 0.874226 -1.733791 -0.412570
1.417730 -1.779004 -1.914881 0.868242 -1.733519 -0.416403
1.415143 -1.782746 -1.920056 0.862281 -1.733208 -0.420237
1.412539 -1.786466 -1.925196 0.856343 -1.732857 -0.424071
1.409918 -1.790163 -1.930302 0.850429 -1.732467 -0.427906
1.407280 -1.793837 -1.935375 0.844539 -1.732038 -0.431741
1.404626 -1.797489 -1.940415 0.838673 -1.731570 -0.435576
1.401954 -1.801118 -1.945421 0.832831 -1.731063 -0.439410
1.399264 -1.804724 -1.950394 0.827013 -1.730516 -0.443243
1.396558 -1.808308 -1.955334 0.821220 -1.729931 -0.447075
1.393835 -1.811869 -1.960242 0.815452 -1.729307 -0.450905
1.391095 -1.815408 -1.965116 0.809708 -1.728644 -0.454734
1.388338 -1.818925 -1.969959 0.803989 -1.727942 -0.458560
1.385564 -1.822420 -1.974768 0.798296 -1.727202 -0.462385
1.382773 -1.825893 -1.979546 0.792627 -1.726423 -0.466206
1.379966 -1.829344 -1.984292 0.786983 -1.725605 -0.470025
1.377138 -1.832777 -1.989011 0.781360 -1.724749 -0.473845
1.374291 -1.836191 -1.993703 0.775756 -1.723853 -0.477664
1.371424 -1.839587 -1.998368 0.770172 -1.722918 -0.481485
1.368537 -1.842965 -2.003007 0.764608 -1.721944 -0.485305
1.365630 -1.846325 -2.007619 0.759064 -1.720930 -0.489125
1.362703 -1.849666 -2.012205 0.753541 -1.719877 -0.492945
1.359756 -1.852990 -2.016765 0.748038 -1.718784 -0.496763
1.356789 -1.856296 -2.021298 0.742556 -1.717652 -0.500581
1.353802 -1.859584 -2.025805 0.737095 -1.716481 -0.504398
1.350794 -1.862854 -2.030287 0.731655 -1.715270 -0.508213
1.347766 -1.866107 -2.034742 0.726236 -1.714020 -0.512026
1.344718 -1.869341 -2.039172 0.720839 -1.712730 -0.515837
1.341650 -1.872559 -2.043577 0.715463 -1.711401 -0.519646
1.338561 -1.875758 -2.047955 0.710109 -1.710033 -0.523453
1.335452 -1.878940 -2.052309 0.704776 -1.708625 -0.527257
1.332323 -1.882104 -2.056636 0.699465 -1.707178 -0.531058
1.329173 -1.885251 -2.060939 0.694177 -1.705692 -0.534855
1.326004 -1.888380 -2.065217 0.688911 -1.704167 -0.538650
1.322813 -1.891492 -2.069469 0.683667 -1.702603 -0.542440
1.319603 -1.894587 -2.073697 0.678446 -1.700999 -0.546227
1.316372 -1.897664 -2.077899 0.673248 -1.699357 -0.550009
1.313121 -1.900724 -2.082077 0.668072 -1.697675 -0.553787
1.309849 -1.903767 -2.086230 0.662920 -1.695954 -0.557560
1.306557 -1.906792 -2.090359 0.657791 -1.694195 -0.561328
1.303244 -1.909800 -2.094463 0.652686 -1.692397 -0.565091
1.299911 -1.912792 -2.098542 0.647604 -1.690559 -0.568848
1.296558 -1.915766 -2.102598 0.642545 -1.688684 -0.572600
1.293185 -1.918723 -2.106629 0.637511 -1.686769 -0.576346
1.289791 -1.921663 -2.110636 0.632500 -1.684816 -0.580086
1.286377 -1.924586 -2.114619 0.627514 -1.682825 -0.583820
1.282942 -1.927493 -2.118578 0.622551 -1.680795 -0.587547
1.279486 -1.930384 -2.122516 0.617610 -1.678726 -0.591269
1.276007 -1.933260 -2.126431 0.612692 -1.676618 -0.594987
1.272507 -1.936120 -2.130325 0.607795 -1.674470 -0.598699
1.268985 -1.938965 -2.134197 0.602921 -1.672284 -0.602405
1.265441 -1.941795 -2.138048 0.598070 -1.670058 -0.606105
1.261874 -1.944609 -2.141877 0.593241 -1.667794 -0.609800
1.258286 -1.947408 -2.145684 0.588435 -1.665490 -0.613488
1.254676 -1.950192 -2.149470 0.583651 -1.663148 -0.617170
1.251044 -1.952960 -2.153235 0.578891 -1.660767 -0.620845
1.247390 -1.955714 -2.156978 0.574154 -1.658347 -0.624513
1.243714 -1.958452 -2.160701 0.569440 -1.655888 -0.628174
1.240016 -1.961175 -2.164402 0.564750 -1.653391 -0.631828
1.236296 -1.963882 -2.168082 0.560083 -1.650856 -0.635474
1.232555 -1.966575 -2.171741 0.555440 -1.648282 -0.639113
1.228791 -1.969252 -2.175379 0.550820 -1.645669 -0.642744
1.225006 -1.971914 -2.178997 0.546225 -1.643019 -0.646367
1.221198 -1.974562 -2.182594 0.541652 -1.640330 -0.649983
1.217367 -1.977196 -2.186173 0.537101 -1.637601 -0.653591
1.213512 -1.979816 -2.189732 0.532573 -1.634834 -0.657193
1.209634 -1.982422 -2.193273 0.528067 -1.632028 -0.660788
1.205733 -1.985015 -2.196794 0.523583 -1.629182 -0.664375
1.201808 -1.987593 -2.200297 0.519121 -1.626298 -0.667955
1.197860 -1.990157 -2.203781 0.514682 -1.623375 -0.671528
1.193888 -1.992708 -2.207246 0.510266 -1.620413 -0.675092
1.189893 -1.995245 -2.210692 0.505872 -1.617412 -0.678648
1.185874 -1.997767 -2.214120 0.501502 -1.614373 -0.682197
1.181832 -2.000276 -2.217529 0.497154 -1.611295 -0.685736
1.177767 -2.002771 -2.220920 0.492829 -1.608179 -0.689268
1.173679 -2.005252 -2.224292 0.488527 -1.605025 -0.692790
1.169567 -2.007719 -2.227646 0.484249 -1.601832 -0.696304
1.165433 -2.010173 -2.230981 0.479994 -1.598602 -0.699809
1.161275 -2.012612 -2.234299 0.475762 -1.595333 -0.703305
1.157094 -2.015037 -2.237598 0.471553 -1.592027 -0.706791
1.152890 -2.017449 -2.240878 0.467368 -1.588682 -0.710268
1.148661 -2.019848 -2.244143 0.463205 -1.585299 -0.713737
1.144407 -2.022233 -2.247390 0.459064 -1.581877 -0.717197
1.140129 -2.024606 -2.250621 0.454944 -1.578416 -0.720650
1.135825 -2.026967 -2.253836 0.450845 -1.574916 -0.724094
1.131497 -2.029314 -2.257034 0.446769 -1.571377 -0.727529
1.127143 -2.031648 -2.260216 0.442714 -1.567799 -0.730956
1.122765 -2.033970 -2.263382 0.438682 -1.564183 -0.734374
1.118362 -2.036278 -2.266531 0.434671 -1.560528 -0.737783
1.113935 -2.038573 -2.269664 0.430682 -1.556835 -0.741183
1.109483 -2.040855 -2.272781 0.426716 -1.553104 -0.744574
1.105006 -2.043125 -2.275882 0.422771 -1.549334 -0.747955
1.100505 -2.045380 -2.278967 0.418849 -1.545527 -0.751327
1.095979 -2.047623 -2.282036 0.414948 -1.541682 -0.754690
1.091429 -2.049853 -2.285088 0.411070 -1.537799 -0.758042
1.086855 -2.052069 -2.288125 0.407214 -1.533878 -0.761385
1.082256 -2.054272 -2.291146 0.403381 -1.529920 -0.764718
1.077633 -2.056462 -2.294151 0.399570 -1.525925 -0.768040
1.072986 -2.058638 -2.297140 0.395781 -1.521892 -0.771352
1.068314 -2.060802 -2.300114 0.392014 -1.517821 -0.774655
1.063616 -2.062953 -2.303073 0.388267 -1.513712 -0.777949
1.058891 -2.065092 -2.306019 0.384540 -1.509563 -0.781234
1.054140 -2.067218 -2.308950 0.380834 -1.505376 -0.784511
1.049362 -2.069332 -2.311867 0.377148 -1.501149 -0.787778
1.044559 -2.071434 -2.314771 0.373482 -1.496885 -0.791036
1.039729 -2.073522 -2.317660 0.369837 -1.492582 -0.794285
1.034874 -2.075598 -2.320535 0.366212 -1.488241 -0.797524
1.029992 -2.077661 -2.323396 0.362607 -1.483862 -0.800754
1.025085 -2.079711 -2.326243 0.359023 -1.479445 -0.803975
1.020152 -2.081748 -2.329076 0.355459 -1.474990 -0.807185
1.015194 -2.083772 -2.331895 0.351916 -1.470497 -0.810386
1.010210 -2.085783 -2.334701 0.348392 -1.465968 -0.813577
1.005201 -2.087781 -2.337492 0.344889 -1.461401 -0.816758
1.000167 -2.089765 -2.340270 0.341406 -1.456797 -0.819929
0.995107 -2.091736 -2.343033 0.337944 -1.452156 -0.823090
0.990023 -2.093693 -2.345783 0.334501 -1.447478 -0.826240
0.984914 -2.095637 -2.348519 0.331079 -1.442764 -0.829380
0.979779 -2.097567 -2.351241 0.327678 -1.438013 -0.832509
0.974620 -2.099484 -2.353950 0.324296 -1.433226 -0.835628
0.969433 -2.101388 -2.356647 0.320932 -1.428400 -0.838739
0.964218 -2.103279 -2.359331 0.317586 -1.423534 -0.841840
0.958976 -2.105157 -2.362004 0.314258 -1.418631 -0.844933
0.953706 -2.107023 -2.364665 0.310948 -1.413688 -0.848016
0.948410 -2.108875 -2.367313 0.307655 -1.408708 -0.851090
0.943086 -2.110714 -2.369950 0.304380 -1.403690 -0.854156
0.937735 -2.112539 -2.372575 0.301122 -1.398633 -0.857212
0.932358 -2.114351 -2.375187 0.297882 -1.393540 -0.860258
0.926954 -2.116148 -2.377788 0.294660 -1.388409 -0.863295
0.921524 -2.117932 -2.380377 0.291454 -1.383241 -0.866323
0.916068 -2.119702 -2.382953 0.288266 -1.378036 -0.869340
0.910586 -2.121458 -2.385518 0.285095 -1.372794 -0.872348
0.905078 -2.123199 -2.388071 0.281940 -1.367516 -0.875346
0.899545 -2.124925 -2.390611 0.278803 -1.362201 -0.878334
0.893986 -2.126637 -2.393140 0.275683 -1.356851 -0.881312
0.888402 -2.128335 -2.395657 0.272579 -1.351465 -0.884280
0.882792 -2.130017 -2.398162 0.269493 -1.346043 -0.887238
0.877158 -2.131684 -2.400655 0.266423 -1.340586 -0.890185
0.871499 -2.133336 -2.403136 0.263369 -1.335094 -0.893122
0.865815 -2.134973 -2.405605 0.260332 -1.329566 -0.896049
0.860102 -2.136595 -2.408064 0.257309 -1.324000 -0.898968
0.854361 -2.138203 -2.410513 0.254299 -1.318395 -0.901878
0.848592 -2.139796 -2.412952 0.251303 -1.312752 -0.904779
0.842794 -2.141374 -2.415381 0.248321 -1.307070 -0.907672
0.836969 -2.142937 -2.417799 0.245352 -1.301351 -0.910556
0.831116 -2.144484 -2.420208 0.242396 -1.295595 -0.913432
0.825236 -2.146016 -2.422607 0.239452 -1.289801 -0.916299
0.819330 -2.147532 -2.424995 0.236522 -1.283971 -0.919156
0.813397 -2.149031 -2.427373 0.233604 -1.278104 -0.922005
0.807437 -2.150514 -2.429741 0.230698 -1.272201 -0.924844
0.801452 -2.151980 -2.432099 0.227804 -1.266262 -0.927675
0.795441 -2.153429 -2.434446 0.224923 -1.260288 -0.930495
0.789405 -2.154861 -2.436783 0.222053 -1.254278 -0.933307
0.783343 -2.156275 -2.439110 0.219195 -1.248234 -0.936109
0.777257 -2.157671 -2.441427 0.216348 -1.242156 -0.938901
0.771146 -2.159050 -2.443733 0.213512 -1.236043 -0.941683
0.765012 -2.160410 -2.446028 0.210688 -1.229896 -0.944455
0.758853 -2.161752 -2.448314 0.207875 -1.223716 -0.947218
0.752670 -2.163075 -2.450589 0.205072 -1.217502 -0.949970
0.746464 -2.164380 -2.452853 0.202280 -1.211255 -0.952713
0.740232 -2.165665 -2.455108 0.199498 -1.204973 -0.955446
0.733971 -2.166933 -2.457355 0.196722 -1.198652 -0.958172
0.727681 -2.168182 -2.459594 0.193953 -1.192292 -0.960890
0.721363 -2.169411 -2.461824 0.191190 -1.185895 -0.963600
0.715017 -2.170622 -2.464046 0.188434 -1.179461 -0.966302
0.708644 -2.171812 -2.466260 0.185683 -1.172989 -0.968996
0.702244 -2.172982 -2.468465 0.182938 -1.166481 -0.971682
0.695817 -2.174131 -2.470661 0.180197 -1.159938 -0.974358
0.689365 -2.175259 -2.472849 0.177462 -1.153358 -0.977027
0.682887 -2.176366 -2.475028 0.174730 -1.146744 -0.979686
0.676385 -2.177450 -2.477198 0.172003 -1.140096 -0.982336
0.669858 -2.178513 -2.479360 0.169279 -1.133413 -0.984977
0.663307 -2.179552 -2.481512 0.166558 -1.126697 -0.987608
0.656732 -2.180568 -2.483656 0.163840 -1.119948 -0.990230
0.650135 -2.181560 -2.485790 0.161124 -1.113167 -0.992841
0.643515 -2.182528 -2.487915 0.158411 -1.106353 -0.995443
0.636873 -2.183472 -2.490031 0.155699 -1.099508 -0.998035
0.630210 -2.184390 -2.492138 0.152988 -1.092632 -1.000616
0.623525 -2.185283 -2.494235 0.150279 -1.085725 -1.003187
0.616820 -2.186150 -2.496323 0.147570 -1.078788 -1.005747
0.610097 -2.186991 -2.498401 0.144862 -1.071824 -1.008295
0.603378 -2.187802 -2.500462 0.142163 -1.064855 -1.010824
0.596671 -2.188583 -2.502504 0.139476 -1.057890 -1.013330
0.589977 -2.189333 -2.504527 0.136799 -1.050929 -1.015813
0.583297 -2.190052 -2.506531 0.134133 -1.043975 -1.018274
0.576632 -2.190740 -2.508517 0.131477 -1.037028 -1.020711
0.569983 -2.191397 -2.510484 0.128830 -1.030089 -1.023126
0.563350 -2.192022 -2.512433 0.126191 -1.023159 -1.025518
0.556735 -2.192617 -2.514363 0.123561 -1.016240 -1.027888
0.550139 -2.193180 -2.516274 0.120939 -1.009331 -1.030234
0.543562 -2.193712 -2.518168 0.118324 -1.002435 -1.032557
0.537005 -2.194212 -2.520042 0.115716 -0.995552 -1.034858
0.530469 -2.194680 -2.521899 0.113114 -0.988682 -1.037135
0.523955 -2.195117 -2.523737 0.110518 -0.981828 -1.039390
0.517464 -2.195523 -2.525558 0.107928 -0.974990 -1.041622
0.510995 -2.195897 -2.527360 0.105343 -0.968168 -1.043830
0.504551 -2.196239 -2.529144 0.102762 -0.961364 -1.046016
0.498132 -2.196549 -2.530911 0.100186 -0.954578 -1.048179
0.491737 -2.196828 -2.532659 0.097614 -0.947812 -1.050318
0.485369 -2.197076 -2.534390 0.095046 -0.941065 -1.052435
0.479028 -2.197291 -2.536103 0.092481 -0.934340 -1.054529
0.472714 -2.197476 -2.537799 0.089919 -0.927636 -1.056600
0.466428 -2.197628 -2.539477 0.087359 -0.920954 -1.058648
0.460170 -2.197749 -2.541138 0.084801 -0.914294 -1.060674
0.453941 -2.197839 -2.542782 0.082244 -0.907657 -1.062676
0.447741 -2.197897 -2.544408 0.079688 -0.901045 -1.064655
0.441571 -2.197923 -2.546017 0.077131 -0.894456 -1.066610
0.435431 -2.197918 -2.547609 0.074573 -0.887893 -1.068542
0.429322 -2.197881 -2.549184 0.072013 -0.881357 -1.070450
0.423246 -2.197812 -2.550742 0.069451 -0.874847 -1.072334
0.417201 -2.197711 -2.552283 0.066887 -0.868364 -1.074193
0.411189 -2.197578 -2.553806 0.064319 -0.861909 -1.076028
0.405211 -2.197414 -2.555313 0.061747 -0.855483 -1.077838
0.399266 -2.197218 -2.556803 0.059171 -0.849087 -1.079623
0.393356 -2.196991 -2.558275 0.056589 -0.842720 -1.081383
0.387481 -2.196732 -2.559731 0.054002 -0.836384 -1.083118
0.381641 -2.196441 -2.561170 0.051410 -0.830079 -1.084828
0.375837 -2.196119 -2.562592 0.048811 -0.823806 -1.086513
0.370069 -2.195766 -2.563998 0.046205 -0.817565 -1.088172
0.364338 -2.195381 -2.565386 0.043592 -0.811356 -1.089806
0.358643 -2.194966 -2.566759 0.040972 -0.805181 -1.091414
0.352987 -2.194519 -2.568114 0.038344 -0.799040 -1.092996
0.347368 -2.194041 -2.569453 0.035707 -0.792933 -1.094552
0.341787 -2.193532 -2.570776 0.033062 -0.786860 -1.096083
0.336244 -2.192993 -2.572082 0.030408 -0.780823 -1.097587
0.330741 -2.192423 -2.573372 0.027745 -0.774821 -1.099066
0.325275 -2.191823 -2.574645 0.025072 -0.768854 -1.100519
0.319844 -2.191192 -2.575904 0.022387 -0.762918 -1.101947
0.314448 -2.190530 -2.577148 0.019690 -0.757013 -1.103351
0.309087 -2.189839 -2.578377 0.016980 -0.751140 -1.104731
0.303762 -2.189117 -2.579591 0.014259 -0.745299 -1.106086
0.298472 -2.188365 -2.580791 0.011525 -0.739491 -1.107417
0.293218 -2.187584 -2.581976 0.008780 -0.733716 -1.108724
0.288001 -2.186774 -2.583147 0.006021 -0.727973 -1.110007
0.282819 -2.185934 -2.584303 0.003251 -0.722265 -1.111266
0.277675 -2.185066 -2.585445 0.000468 -0.716590 -1.112502
0.272567 -2.184169 -2.586573 -0.002327 -0.710950 -1.113714
0.267497 -2.183244 -2.587687 -0.005135 -0.705343 -1.114902
0.262464 -2.182291 -2.588787 -0.007955 -0.699772 -1.116067
0.257468 -2.181310 -2.589874 -0.010788 -0.694236 -1.117209
0.252510 -2.180301 -2.590946 -0.013633 -0.688735 -1.118328
0.247590 -2.179266 -2.592005 -0.016490 -0.683269 -1.119424
0.242708 -2.178203 -2.593051 -0.019360 -0.677840 -1.120497
0.237864 -2.177113 -2.594083 -0.022242 -0.672446 -1.121548
0.233059 -2.175997 -2.595102 -0.025136 -0.667088 -1.122576
0.228292 -2.174855 -2.596107 -0.028042 -0.661767 -1.123582
0.223563 -2.173687 -2.597100 -0.030961 -0.656483 -1.124565
0.218873 -2.172493 -2.598079 -0.033891 -0.651236 -1.125527
0.214222 -2.171274 -2.599046 -0.036834 -0.646025 -1.126466
0.209610 -2.170030 -2.600000 -0.039789 -0.640852 -1.127384
0.205037 -2.168761 -2.600941 -0.042755 -0.635716 -1.128280
0.200503 -2.167467 -2.601869 -0.045734 -0.630618 -1.129155
0.196008 -2.166149 -2.602785 -0.048723 -0.625558 -1.130008
0.191552 -2.164808 -2.603689 -0.051725 -0.620535 -1.130840
0.187135 -2.163442 -2.604580 -0.054739 -0.615550 -1.131650
0.182758 -2.162052 -2.605458 -0.057767 -0.610603 -1.132437
0.178419 -2.160639 -2.606324 -0.060809 -0.605693 -1.133201
0.174118 -2.159201 -2.607176 -0.063868 -0.600821 -1.133939
0.169856 -2.157739 -2.608016 -0.066944 -0.595987 -1.134652
0.165632 -2.156252 -2.608842 -0.070038 -0.591189 -1.135338
0.161446 -2.154742 -2.609654 -0.073151 -0.586429 -1.135996
0.157298 -2.153207 -2.610453 -0.076285 -0.581706 -1.136626
0.153187 -2.151647 -2.611238 -0.079440 -0.577020 -1.137227
0.149114 -2.150064 -2.612009 -0.082617 -0.572370 -1.137798
0.145078 -2.148456 -2.612766 -0.085817 -0.567757 -1.138338
0.141079 -2.146823 -2.613509 -0.089041 -0.563181 -1.138846
0.137116 -2.145166 -2.614238 -0.092289 -0.558641 -1.139323
0.133191 -2.143485 -2.614952 -0.095563 -0.554138 -1.139766
0.129301 -2.141780 -2.615652 -0.098863 -0.549671 -1.140177
0.125448 -2.140051 -2.616337 -0.102190 -0.545239 -1.140553
0.121631 -2.138298 -2.617008 -0.105545 -0.540844 -1.140895
0.117849 -2.136521 -2.617664 -0.108927 -0.536485 -1.141202
0.114103 -2.134720 -2.618306 -0.112338 -0.532161 -1.141474
0.110393 -2.132895 -2.618932 -0.115777 -0.527873 -1.141709
0.106717 -2.131047 -2.619544 -0.119247 -0.523620 -1.141908
0.103077 -2.129175 -2.620141 -0.122746 -0.519402 -1.142071
0.099471 -2.127280 -2.620723 -0.126276 -0.515220 -1.142196
0.095900 -2.125361 -2.621290 -0.129837 -0.511072 -1.142284
0.092363 -2.123420 -2.621842 -0.133428 -0.506960 -1.142333
0.088861 -2.121456 -2.622379 -0.137052 -0.502882 -1.142345
0.085392 -2.119469 -2.622901 -0.140707 -0.498839 -1.142319
0.081958 -2.117460 -2.623408 -0.144394 -0.494830 -1.142254
0.078556 -2.115429 -2.623900 -0.148113 -0.490855 -1.142150
0.075189 -2.113375 -2.624377 -0.151864 -0.486915 -1.142007
0.071854 -2.111300 -2.624839 -0.155648 -0.483009 -1.141825
0.068552 -2.109203 -2.625286 -0.159464 -0.479136 -1.141604
0.065284 -2.107087 -2.625719 -0.163308 -0.475298 -1.141347
0.062049 -2.104952 -2.626139 -0.167180 -0.471494 -1.141055
0.058846 -2.102799 -2.626545 -0.171077 -0.467724 -1.140730
0.055677 -2.100629 -2.626938 -0.174996 -0.463989 -1.140372
0.052540 -2.098443 -2.627318 -0.178936 -0.460288 -1.139984
0.049437 -2.096243 -2.627686 -0.182895 -0.456621 -1.139568
0.046367 -2.094029 -2.628043 -0.186871 -0.452989 -1.139124
0.043329 -2.091802 -2.628389 -0.190862 -0.449391 -1.138654
0.040324 -2.089564 -2.628724 -0.194866 -0.445828 -1.138159
0.037352 -2.087314 -2.629048 -0.198882 -0.442300 -1.137641
0.034413 -2.085055 -2.629362 -0.202907 -0.438806 -1.137102
0.031506 -2.082787 -2.629666 -0.206940 -0.435346 -1.136542
0.028632 -2.080511 -2.629961 -0.210979 -0.431921 -1.135962
0.025790 -2.078227 -2.630248 -0.215023 -0.428531 -1.135365
0.022981 -2.075938 -2.630525 -0.219070 -0.425176 -1.134750
0.020204 -2.073642 -2.630794 -0.223118 -0.421854 -1.134120
0.017459 -2.071342 -2.631055 -0.227166 -0.418568 -1.133475
0.014746 -2.069037 -2.631309 -0.231213 -0.415316 -1.132816
0.012065 -2.066730 -2.631555 -0.235256 -0.412098 -1.132146
0.009416 -2.064420 -2.631793 -0.239296 -0.408914 -1.131463
0.006799 -2.062108 -2.632026 -0.243330 -0.405765 -1.130770
0.004213 -2.059795 -2.632251 -0.247357 -0.402650 -1.130068
0.001659 -2.057482 -2.632471 -0.251376 -0.399570 -1.129358
-0.000863 -2.055169 -2.632684 -0.255385 -0.396523 -1.128639
-0.003355 -2.052857 -2.632892 -0.259384 -0.393510 -1.127914
-0.005815 -2.050547 -2.633094 -0.263371 -0.390532 -1.127184
-0.008245 -2.048238 -2.633291 -0.267345 -0.387587 -1.126448
-0.010643 -2.045933 -2.633483 -0.271305 -0.384676 -1.125708
-0.013011 -2.043631 -2.633670 -0.275250 -0.381798 -1.124965
-0.015349 -2.041334 -2.633853 -0.279180 -0.378954 -1.124219
-0.017656 -2.039040 -2.634032 -0.283092 -0.376144 -1.123471
-0.019933 -2.036752 -2.634206 -0.286986 -0.373366 -1.122723
-0.022180 -2.034470 -2.634377 -0.290861 -0.370622 -1.121973
-0.024397 -2.032194 -2.634543 -0.294717 -0.367911 -1.121224
-0.026584 -2.029924 -2.634707 -0.298552 -0.365233 -1.120476
-0.028742 -2.027662 -2.634867 -0.302366 -0.362587 -1.119729
-0.030870 -2.025408 -2.635024 -0.306157 -0.359975 -1.118984
-0.032969 -2.023162 -2.635177 -0.309926 -0.357396 -1.118239
-0.035038 -2.020924 -2.635326 -0.313676 -0.354850 -1.117492
-0.037077 -2.018692 -2.635469 -0.317411 -0.352337 -1.116739
-0.039089 -2.016466 -2.635606 -0.321135 -0.349855 -1.115975
-0.041074 -2.014245 -2.635736 -0.324853 -0.347405 -1.115199
-0.043031 -2.012027 -2.635858 -0.328566 -0.344986 -1.114406
-0.044963 -2.009812 -2.635972 -0.332278 -0.342597 -1.113594
-0.046869 -2.007599 -2.636076 -0.335993 -0.340237 -1.112761
-0.048749 -2.005388 -2.636171 -0.339713 -0.337906 -1.111904
-0.050606 -2.003177 -2.636255 -0.343442 -0.335603 -1.111020
-0.052439 -2.000966 -2.636328 -0.347180 -0.333329 -1.110107
-0.054248 -1.998754 -2.636390 -0.350931 -0.331082 -1.109163
-0.056034 -1.996542 -2.636440 -0.354697 -0.328861 -1.108186
-0.057798 -1.994328 -2.636478 -0.358480 -0.326667 -1.107175
-0.059541 -1.992112 -2.636503 -0.362282 -0.324499 -1.106128
-0.061262 -1.989893 -2.636514 -0.366104 -0.322357 -1.105042
-0.062962 -1.987672 -2.636513 -0.369947 -0.320239 -1.103918
-0.064641 -1.985448 -2.636497 -0.373815 -0.318147 -1.102753
-0.066300 -1.983221 -2.636468 -0.377706 -0.316078 -1.101547
-0.067940 -1.980990 -2.636424 -0.381623 -0.314034 -1.100298
-0.069560 -1.978756 -2.636366 -0.385567 -0.312013 -1.099006
-0.071162 -1.976518 -2.636293 -0.389538 -0.310015 -1.097670
-0.072744 -1.974276 -2.636206 -0.393538 -0.308041 -1.096290
-0.074309 -1.972030 -2.636104 -0.397565 -0.306088 -1.094863
-0.075855 -1.969781 -2.635987 -0.401622 -0.304159 -1.093392
-0.077384 -1.967528 -2.635855 -0.405709 -0.302251 -1.091874
-0.078895 -1.965271 -2.635708 -0.409825 -0.300364 -1.090310
-0.080389 -1.963010 -2.635546 -0.413970 -0.298499 -1.088700
-0.081866 -1.960746 -2.635369 -0.418145 -0.296656 -1.087044
-0.083327 -1.958478 -2.635177 -0.422350 -0.294833 -1.085342
-0.084771 -1.956208 -2.634970 -0.426584 -0.293030 -1.083593
-0.086200 -1.953934 -2.634748 -0.430847 -0.291249 -1.081799
-0.087612 -1.951658 -2.634512 -0.435139 -0.289487 -1.079960
-0.089008 -1.949380 -2.634261 -0.439458 -0.287746 -1.078075
-0.090389 -1.947099 -2.633996 -0.443805 -0.286024 -1.076147
-0.091755 -1.944817 -2.633716 -0.448179 -0.284322 -1.074174
-0.093105 -1.942533 -2.633423 -0.452579 -0.282640 -1.072159
-0.094440 -1.940248 -2.633115 -0.457003 -0.280976 -1.070101
-0.095761 -1.937963 -2.632795 -0.461452 -0.279332 -1.068001
-0.097067 -1.935678 -2.632460 -0.465924 -0.277707 -1.065861
-0.098358 -1.933393 -2.632113 -0.470418 -0.276101 -1.063681
-0.099634 -1.931108 -2.631753 -0.474933 -0.274514 -1.061462
-0.100896 -1.928825 -2.631380 -0.479467 -0.272945 -1.059206
-0.102144 -1.926544 -2.630995 -0.484019 -0.271395 -1.056913
-0.103378 -1.924265 -2.630599 -0.488589 -0.269864 -1.054585
-0.104597 -1.921989 -2.630190 -0.493174 -0.268350 -1.052223
-0.105803 -1.919716 -2.629771 -0.497773 -0.266855 -1.049828
-0.106994 -1.917447 -2.629340 -0.502385 -0.265378 -1.047402
-0.108172 -1.915183 -2.628899 -0.507008 -0.263920 -1.044945
-0.109335 -1.912924 -2.628448 -0.511640 -0.262479 -1.042460
-0.110485 -1.910671 -2.627988 -0.516280 -0.261056 -1.039947
-0.111621 -1.908424 -2.627517 -0.520925 -0.259651 -1.037409
-0.112743 -1.906184 -2.627038 -0.525575 -0.258264 -1.034846
-0.113852 -1.903952 -2.626551 -0.530228 -0.256895 -1.032261
-0.114947 -1.901727 -2.626055 -0.534883 -0.255543 -1.029654
-0.116035 -1.899499 -2.625549 -0.539562 -0.254202 -1.027013
-0.117117 -1.897266 -2.625032 -0.544270 -0.252868 -1.024336
-0.118192 -1.895028 -2.624505 -0.549004 -0.251544 -1.021627
-0.119261 -1.892786 -2.623969 -0.553760 -0.250228 -1.018888
-0.120323 -1.890543 -2.623425 -0.558534 -0.248921 -1.016122
-0.121378 -1.888299 -2.622873 -0.563324 -0.247624 -1.013330
-0.122426 -1.886056 -2.622313 -0.568127 -0.246337 -1.010517
-0.123466 -1.883814 -2.621747 -0.572938 -0.245059 -1.007683
-0.124498 -1.881575 -2.621175 -0.577756 -0.243792 -1.004832
-0.125522 -1.879340 -2.620597 -0.582578 -0.242535 -1.001966
-0.126538 -1.877110 -2.620014 -0.587401 -0.241289 -0.999087
-0.127546 -1.874886 -2.619426 -0.592221 -0.240054 -0.996197
-0.128545 -1.872668 -2.618835 -0.597038 -0.238830 -0.993298
-0.129535 -1.870458 -2.618240 -0.601847 -0.237617 -0.990392
-0.130517 -1.868257 -2.617642 -0.606647 -0.236415 -0.987481
-0.131489 -1.866065 -2.617042 -0.611436 -0.235226 -0.984567
-0.132452 -1.863884 -2.616440 -0.616211 -0.234048 -0.981652
-0.133406 -1.861714 -2.615836 -0.620969 -0.232882 -0.978738
-0.134350 -1.859555 -2.615231 -0.625710 -0.231728 -0.975826
-0.135285 -1.857410 -2.614625 -0.630430 -0.230587 -0.972918
-0.136210 -1.855277 -2.614019 -0.635129 -0.229457 -0.970015
-0.137125 -1.853159 -2.613412 -0.639803 -0.228341 -0.967119
-0.138030 -1.851056 -2.612807 -0.644452 -0.227237 -0.964232
-0.138925 -1.848967 -2.612202 -0.649074 -0.226145 -0.961355
-0.139810 -1.846895 -2.611598 -0.653666 -0.225067 -0.958489
-0.140684 -1.844839 -2.610995 -0.658228 -0.224001 -0.955635
-0.141548 -1.842801 -2.610394 -0.662758 -0.222948 -0.952796
-0.142402 -1.840779 -2.609796 -0.667254 -0.221908 -0.949971
-0.143245 -1.838776 -2.609199 -0.671716 -0.220882 -0.947163
-0.144078 -1.836792 -2.608605 -0.676141 -0.219868 -0.944372
-0.144901 -1.834826 -2.608015 -0.680529 -0.218868 -0.941600
-0.145712 -1.832880 -2.607427 -0.684878 -0.217881 -0.938846
-0.146513 -1.830953 -2.606843 -0.689187 -0.216907 -0.936114
-0.147304 -1.829047 -2.606262 -0.693455 -0.215946 -0.933402
-0.148083 -1.827161 -2.605686 -0.697682 -0.214999 -0.930713
-0.148852 -1.825296 -2.605113 -0.701865 -0.214065 -0.928047
-0.149610 -1.823452 -2.604545 -0.706005 -0.213144 -0.925405
-0.150358 -1.821629 -2.603981 -0.710101 -0.212237 -0.922787
-0.151095 -1.819828 -2.603423 -0.714151 -0.211343 -0.920194
-0.151821 -1.818049 -2.602869 -0.718155 -0.210462 -0.917628
-0.152536 -1.816293 -2.602320 -0.722112 -0.209594 -0.915088
-0.153240 -1.814558 -2.601776 -0.726021 -0.208740 -0.912576
-0.153934 -1.812846 -2.601238 -0.729883 -0.207899 -0.910091
-0.154617 -1.811157 -2.600705 -0.733696 -0.207071 -0.907634
-0.155289 -1.809491 -2.600178 -0.737460 -0.206257 -0.905207
-0.155951 -1.807848 -2.599657 -0.741175 -0.205455 -0.902808
-0.156602 -1.806227 -2.599141 -0.744839 -0.204667 -0.900440
-0.157243 -1.804631 -2.598632 -0.748454 -0.203891 -0.898101
-0.157872 -1.803057 -2.598129 -0.752017 -0.203129 -0.895793
-0.158492 -1.801507 -2.597632 -0.755530 -0.202379 -0.893515
-0.159101 -1.799980 -2.597141 -0.758991 -0.201643 -0.891269
-0.159699 -1.798476 -2.596657 -0.762401 -0.200919 -0.889054
-0.160288 -1.796997 -2.596179 -0.765760 -0.200207 -0.886871
-0.160865 -1.795540 -2.595708 -0.769066 -0.199509 -0.884719
-0.161433 -1.794107 -2.595244 -0.772321 -0.198822 -0.882600
-0.161991 -1.792698 -2.594786 -0.775524 -0.198149 -0.880512
-0.162538 -1.791312 -2.594335 -0.778675 -0.197487 -0.878457
-0.163075 -1.789950 -2.593890 -0.781774 -0.196838 -0.876434
-0.163603 -1.788610 -2.593453 -0.784822 -0.196201 -0.874444
-0.164120 -1.787295 -2.593022 -0.787817 -0.195577 -0.872486
-0.164628 -1.786002 -2.592598 -0.790761 -0.194964 -0.870561
-0.165126 -1.784733 -2.592181 -0.793652 -0.194363 -0.868669
-0.165614 -1.783486 -2.591771 -0.796493 -0.193774 -0.866809
-0.166092 -1.782263 -2.591367 -0.799282 -0.193196 -0.864981
-0.166562 -1.781062 -2.590971 -0.802020 -0.192630 -0.863186
-0.167021 -1.779884 -2.590581 -0.804707 -0.192076 -0.861424
-0.167472 -1.778729 -2.590199 -0.807343 -0.191533 -0.859694
-0.167913 -1.777596 -2.589823 -0.809928 -0.191001 -0.857996
-0.168345 -1.776485 -2.589454 -0.812464 -0.190480 -0.856330
-0.168768 -1.775396 -2.589092 -0.814950 -0.189970 -0.854696
-0.169182 -1.774330 -2.588737 -0.817386 -0.189471 -0.853094
-0.169588 -1.773285 -2.588389 -0.819773 -0.188983 -0.851524
-0.169984 -1.772262 -2.588047 -0.822111 -0.188505 -0.849986
-0.170372 -1.771260 -2.587713 -0.824401 -0.188038 -0.848478
-0.170752 -1.770279 -2.587384 -0.826642 -0.187581 -0.847002
-0.171123 -1.769319 -2.587063 -0.828836 -0.187134 -0.845556
-0.171486 -1.768380 -2.586748 -0.830983 -0.186698 -0.844142
-0.171840 -1.767462 -2.586440 -0.833083 -0.186271 -0.842757
-0.172186 -1.766564 -2.586139 -0.835136 -0.185854 -0.841403
-0.172525 -1.765686 -2.585843 -0.837144 -0.185447 -0.840079
-0.172855 -1.764829 -2.585555 -0.839106 -0.185050 -0.838784
-0.173178 -1.763991 -2.585273 -0.841024 -0.184662 -0.837518
-0.173493 -1.763172 -2.584997 -0.842897 -0.184283 -0.836282
-0.173800 -1.762373 -2.584727 -0.844726 -0.183914 -0.835074
-0.174100 -1.761592 -2.584463 -0.846512 -0.183553 -0.833895
-0.174393 -1.760831 -2.584206 -0.848255 -0.183202 -0.832744
-0.174678 -1.760088 -2.583955 -0.849956 -0.182859 -0.831620
-0.174956 -1.759363 -2.583710 -0.851615 -0.182525 -0.830524
-0.175227 -1.758656 -2.583470 -0.853232 -0.182199 -0.829455
-0.175491 -1.757967 -2.583237 -0.854809 -0.181882 -0.828412
-0.175749 -1.757295 -2.583009 -0.856346 -0.181573 -0.827396
-0.175999 -1.756641 -2.582787 -0.857844 -0.181272 -0.826406
-0.176243 -1.756004 -2.582571 -0.859303 -0.180979 -0.825442
-0.176481 -1.755384 -2.582360 -0.860723 -0.180694 -0.824503
-0.176712 -1.754780 -2.582155 -0.862105 -0.180416 -0.823589
-0.176937 -1.754192 -2.581956 -0.863450 -0.180147 -0.822700
-0.177156 -1.753620 -2.581761 -0.864759 -0.179884 -0.821834
-0.177368 -1.753064 -2.581572 -0.866031 -0.179629 -0.820993
-0.177575 -1.752524 -2.581388 -0.867268 -0.179381 -0.820175
-0.177776 -1.751999 -2.581209 -0.868470 -0.179140 -0.819380
-0.177971 -1.751488 -2.581036 -0.869637 -0.178906 -0.818608
-0.178160 -1.750993 -2.580867 -0.870771 -0.178679 -0.817858
-0.178344 -1.750512 -2.580703 -0.871871 -0.178459 -0.817130
-0.178523 -1.750045 -2.580544 -0.872939 -0.178245 -0.816424
-0.178696 -1.749592 -2.580389 -0.873975 -0.178038 -0.815739
-0.178863 -1.749153 -2.580240 -0.874980 -0.177837 -0.815075
-0.179026 -1.748727 -2.580095 -0.875953 -0.177642 -0.814431
-0.179184 -1.748315 -2.579954 -0.876896 -0.177453 -0.813808
-0.179336 -1.747916 -2.579818 -0.877809 -0.177271 -0.813204
-0.179484 -1.747529 -2.579686 -0.878693 -0.177094 -0.812620
-0.179627 -1.747155 -2.579558 -0.879548 -0.176923 -0.812055
-0.179765 -1.746793 -2.579435 -0.880375 -0.176757 -0.811508
-0.179899 -1.746443 -2.579315 -0.881174 -0.176597 -0.810980
-0.180028 -1.746106 -2.579200 -0.881946 -0.176443 -0.810470
-0.180152 -1.745779 -2.579088 -0.882691 -0.176294 -0.809978
-0.180273 -1.745465 -2.578981 -0.883410 -0.176150 -0.809503
-0.180389 -1.745161 -2.578877 -0.884103 -0.176011 -0.809045
-0.180500 -1.744868 -2.578777 -0.884771 -0.175877 -0.808604
-0.180608 -1.744587 -2.578681 -0.885414 -0.175748 -0.808179
-0.180712 -1.744315 -2.578589 -0.886033 -0.175624 -0.807770
-0.180812 -1.744055 -2.578499 -0.886629 -0.175505 -0.807377
-0.180907 -1.743804 -2.578414 -0.887201 -0.175390 -0.807000
-0.180999 -1.743563 -2.578332 -0.887749 -0.175280 -0.806638
-0.181088 -1.743333 -2.578253 -0.888276 -0.175175 -0.806290
-0.181172 -1.743112 -2.578177 -0.888780 -0.175074 -0.805957
-0.181253 -1.742900 -2.578105 -0.889263 -0.174977 -0.805639
-0.181331 -1.742698 -2.578036 -0.889724 -0.174885 -0.805335
-0.181405 -1.742505 -2.577970 -0.890164 -0.174796 -0.805044
-0.181475 -1.742320 -2.577907 -0.890584 -0.174712 -0.804768
-0.181542 -1.742145 -2.577847 -0.890984 -0.174632 -0.804504
-0.181606 -1.741978 -2.577791 -0.891363 -0.174556 -0.804254
-0.181666 -1.741820 -2.577737 -0.891723 -0.174483 -0.804017
-0.181724 -1.741671 -2.577686 -0.892064 -0.174415 -0.803792
-0.181778 -1.741530 -2.577637 -0.892386 -0.174350 -0.803580
-0.181829 -1.741396 -2.577592 -0.892689 -0.174289 -0.803380
-0.181877 -1.741271 -2.577549 -0.892974 -0.174232 -0.803193
-0.181922 -1.741154 -2.577509 -0.893241 -0.174178 -0.803017
-0.181964 -1.741045 -2.577472 -0.893490 -0.174128 -0.802853
-0.182003 -1.740943 -2.577437 -0.893721 -0.174082 -0.802701
-0.182039 -1.740849 -2.577405 -0.893934 -0.174039 -0.802560
-0.182072 -1.740763 -2.577376 -0.894131 -0.173999 -0.802431
-0.182102 -1.740684 -2.577349 -0.894310 -0.173963 -0.802313
-0.182129 -1.740613 -2.577325 -0.894473 -0.173931 -0.802206
-0.182154 -1.740549 -2.577303 -0.894618 -0.173901 -0.802110
-0.182176 -1.740492 -2.577283 -0.894747 -0.173875 -0.802025
-0.182195 -1.740443 -2.577267 -0.894860 -0.173853 -0.801951
-0.182211 -1.740400 -2.577252 -0.894956 -0.173833 -0.801888
-0.182224 -1.740365 -2.577240 -0.895036 -0.173817 -0.801835
-0.182235 -1.740337 -2.577231 -0.895100 -0.173804 -0.801793
-0.182243 -1.740316 -2.577223 -0.895148 -0.173795 -0.801762
-0.182248 -1.740302 -2.577219 -0.895179 -0.173788 -0.801741
-0.182251 -1.740295 -2.577216 -0.895197 -0.173785 -0.801729
-0.182255 -1.740284 -2.577212 -0.895221 -0.173780 -0.801714
-0.182262 -1.740268 -2.577207 -0.895257 -0.173773 -0.801690
-0.182270 -1.740246 -2.577200 -0.895306 -0.173763 -0.801657
-0.182280 -1.740219 -2.577190 -0.895368 -0.173750 -0.801617
-0.182293 -1.740187 -2.577179 -0.895441 -0.173736 -0.801568
-0.182307 -1.740149 -2.577167 -0.895527 -0.173718 -0.801512
-0.182324 -1.740106 -2.577152 -0.895626 -0.173699 -0.801447
-0.182342 -1.740058 -2.577135 -0.895736 -0.173676 -0.801375
-0.182363 -1.740004 -2.577117 -0.895858 -0.173652 -0.801294
-0.182386 -1.739945 -2.577097 -0.895993 -0.173625 -0.801206
-0.182410 -1.739880 -2.577075 -0.896139 -0.173595 -0.801110
-0.182437 -1.739811 -2.577051 -0.896297 -0.173563 -0.801006
-0.182466 -1.739736 -2.577026 -0.896466 -0.173529 -0.800895
-0.182496 -1.739657 -2.576999 -0.896647 -0.173493 -0.800776
-0.182529 -1.739572 -2.576970 -0.896840 -0.173454 -0.800649
-0.182563 -1.739482 -2.576939 -0.897043 -0.173413 -0.800515
-0.182600 -1.739388 -2.576907 -0.897258 -0.173369 -0.800374
-0.182638 -1.739289 -2.576873 -0.897483 -0.173324 -0.800226
-0.182678 -1.739185 -2.576838 -0.897720 -0.173276 -0.800071
-0.182720 -1.739076 -2.576801 -0.897966 -0.173226 -0.799909
-0.182763 -1.738963 -2.576762 -0.898223 -0.173174 -0.799740
-0.182808 -1.738845 -2.576722 -0.898491 -0.173120 -0.799564
-0.182855 -1.738723 -2.576681 -0.898768 -0.173064 -0.799382
-0.182904 -1.738596 -2.576637 -0.899055 -0.173006 -0.799194
-0.182954 -1.738466 -2.576593 -0.899351 -0.172947 -0.799000
-0.183006 -1.738331 -2.576547 -0.899657 -0.172885 -0.798799
-0.183060 -1.738192 -2.576500 -0.899971 -0.172821 -0.798593
-0.183114 -1.738050 -2.576451 -0.900295 -0.172756 -0.798381
-0.183171 -1.737903 -2.576402 -0.900627 -0.172688 -0.798163
-0.183229 -1.737753 -2.576351 -0.900967 -0.172619 -0.797940
-0.183288 -1.737599 -2.576298 -0.901315 -0.172549 -0.797712
-0.183349 -1.737442 -2.576245 -0.901671 -0.172477 -0.797479
-0.183410 -1.737282 -2.576190 -0.902034 -0.172403 -0.797241
-0.183474 -1.737118 -2.576135 -0.902405 -0.172328 -0.796998
-0.183538 -1.736952 -2.576078 -0.902782 -0.172251 -0.796751
-0.183604 -1.736782 -2.576020 -0.903166 -0.172173 -0.796500
-0.183670 -1.736610 -2.575962 -0.903556 -0.172094 -0.796245
-0.183738 -1.736434 -2.575902 -0.903952 -0.172013 -0.795986
-0.183806 -1.736257 -2.575842 -0.904353 -0.171932 -0.795724
-0.183876 -1.736077 -2.575781 -0.904760 -0.171849 -0.795458
-0.183947 -1.735895 -2.575719 -0.905171 -0.171765 -0.795189
-0.184018 -1.735710 -2.575657 -0.905588 -0.171680 -0.794918
-0.184090 -1.735524 -2.575594 -0.906008 -0.171594 -0.794643
-0.184163 -1.735336 -2.575530 -0.906432 -0.171508 -0.794367
-0.184237 -1.735146 -2.575466 -0.906860 -0.171420 -0.794088
-0.184311 -1.734955 -2.575401 -0.907291 -0.171332 -0.793807
-0.184386 -1.734762 -2.575336 -0.907725 -0.171243 -0.793525
-0.184461 -1.734569 -2.575270 -0.908161 -0.171154 -0.793241
-0.184537 -1.734374 -2.575204 -0.908599 -0.171064 -0.792956
-0.184613 -1.734179 -2.575138 -0.909038 -0.170974 -0.792670
-0.184689 -1.733982 -2.575072 -0.909479 -0.170883 -0.792383
-0.184766 -1.733786 -2.575005 -0.909921 -0.170792 -0.792096
-0.184842 -1.733589 -2.574939 -0.910364 -0.170701 -0.791809
-0.184919 -1.733391 -2.574872 -0.910806 -0.170610 -0.791522
-0.184996 -1.733194 -2.574805 -0.911248 -0.170518 -0.791236
-0.185073 -1.732997 -2.574739 -0.911690 -0.170427 -0.790950
-0.185150 -1.732800 -2.574673 -0.912130 -0.170336 -0.790665
-0.185227 -1.732604 -2.574607 -0.912569 -0.170245 -0.790381
-0.185304 -1.732409 -2.574541 -0.913006 -0.170155 -0.790099
-0.185380 -1.732214 -2.574475 -0.913441 -0.170064 -0.789818
-0.185456 -1.732021 -2.574410 -0.913873 -0.169974 -0.789539
-0.185531 -1.731828 -2.574345 -0.914302 -0.169885 -0.789263
-0.185607 -1.731637 -2.574281 -0.914727 -0.169796 -0.788990
-0.185681 -1.731448 -2.574218 -0.915148 -0.169708 -0.788719
-0.185755 -1.731260 -2.574155 -0.915565 -0.169621 -0.788451
-0.185828 -1.731075 -2.574093 -0.915978 -0.169534 -0.788187
-0.185901 -1.730891 -2.574031 -0.916385 -0.169449 -0.787926
-0.185973 -1.730710 -2.573970 -0.916786 -0.169364 -0.787669
-0.186044 -1.730531 -2.573911 -0.917182 -0.169280 -0.787417
-0.186114 -1.730355 -2.573852 -0.917571 -0.169198 -0.787169
-0.186183 -1.730182 -2.573794 -0.917953 -0.169117 -0.786925
-0.186251 -1.730011 -2.573737 -0.918328 -0.169037 -0.786687
-0.186317 -1.729844 -2.573682 -0.918695 -0.168959 -0.786454
-0.186383 -1.729681 -2.573627 -0.919055 -0.168882 -0.786226
-0.186447 -1.729520 -2.573574 -0.919406 -0.168806 -0.786004
-0.186510 -1.729364 -2.573522 -0.919748 -0.168733 -0.785789
-0.186572 -1.729211 -2.573472 -0.920081 -0.168661 -0.785579
-0.186632 -1.729062 -2.573422 -0.920405 -0.168590 -0.785376
-0.186690 -1.728918 -2.573375 -0.920718 -0.168522 -0.785180
-0.186747 -1.728778 -2.573329 -0.921022 -0.168455 -0.784991
-0.186802 -1.728642 -2.573284 -0.921314 -0.168391 -0.784810
-0.186856 -1.728511 -2.573241 -0.921596 -0.168329 -0.784635
-0.186908 -1.728385 -2.573200 -0.921866 -0.168269 -0.784469
-0.186958 -1.728264 -2.573161 -0.922124 -0.168211 -0.784311
-0.187006 -1.728149 -2.573123 -0.922370 -0.168155 -0.784161
-0.187052 -1.728038 -2.573087 -0.922604 -0.168102 -0.784019
-0.187096 -1.727933 -2.573053 -0.922825 -0.168051 -0.783886
-0.187138 -1.727834 -2.573021 -0.923033 -0.168003 -0.783762
-0.187177 -1.727740 -2.572991 -0.923227 -0.167957 -0.783646
-0.187215 -1.727652 -2.572963 -0.923408 -0.167914 -0.783541
-0.187250 -1.727570 -2.572938 -0.923575 -0.167874 -0.783444
-0.187284 -1.727495 -2.572914 -0.923727 -0.167836 -0.783357
-0.187314 -1.727425 -2.572892 -0.923865 -0.167801 -0.783281
-0.187343 -1.727362 -2.572873 -0.923987 -0.167770 -0.783214
-0.187368 -1.727306 -2.572856 -0.924095 -0.167741 -0.783157
-0.187392 -1.727256 -2.572841 -0.924187 -0.167715 -0.783110
-0.187413 -1.727213 -2.572829 -0.924264 -0.167692 -0.783074
-0.187431 -1.727177 -2.572819 -0.924325 -0.167672 -0.783049
-0.187447 -1.727148 -2.572811 -0.924369 -0.167656 -0.783034
-0.187459 -1.727126 -2.572806 -0.924398 -0.167643 -0.783031
-0.187470 -1.727111 -2.572803 -0.924410 -0.167633 -0.783038
-0.187477 -1.727103 -2.572803 -0.924405 -0.167626 -0.783056
-0.187482 -1.727103 -2.572805 -0.924384 -0.167622 -0.783085
-0.187484 -1.727110 -2.572810 -0.924345 -0.167622 -0.783126
-0.187483 -1.727125 -2.572818 -0.924290 -0.167625 -0.783178
-0.187479 -1.727147 -2.572828 -0.924217 -0.167632 -0.783241
-0.187472 -1.727176 -2.572840 -0.924127 -0.167642 -0.783316
-0.187463 -1.727213 -2.572855 -0.924020 -0.167656 -0.783402
-0.187450 -1.727258 -2.572873 -0.923895 -0.167673 -0.783500
-0.187435 -1.727311 -2.572893 -0.923753 -0.167694 -0.783609
-0.187416 -1.727371 -2.572916 -0.923593 -0.167718 -0.783730
-0.187395 -1.727439 -2.572942 -0.923416 -0.167746 -0.783862
-0.187370 -1.727515 -2.572970 -0.923221 -0.167778 -0.784005
-0.187343 -1.727599 -2.573001 -0.923008 -0.167813 -0.784160
-0.187312 -1.727690 -2.573035 -0.922778 -0.167851 -0.784327
-0.187279 -1.727789 -2.573071 -0.922531 -0.167893 -0.784504
-0.187242 -1.727896 -2.573109 -0.922266 -0.167939 -0.784693
-0.187203 -1.728010 -2.573151 -0.921985 -0.167989 -0.784893
-0.187160 -1.728133 -2.573195 -0.921686 -0.168041 -0.785104
-0.187114 -1.728262 -2.573241 -0.921370 -0.168098 -0.785326
-0.187066 -1.728400 -2.573290 -0.921037 -0.168158 -0.785559
-0.187014 -1.728545 -2.573342 -0.920688 -0.168221 -0.785802
-0.186960 -1.728697 -2.573396 -0.920322 -0.168288 -0.786056
-0.186902 -1.728857 -2.573452 -0.919941 -0.168359 -0.786320
-0.186842 -1.729023 -2.573511 -0.919543 -0.168433 -0.786593
-0.186778 -1.729197 -2.573572 -0.919130 -0.168510 -0.786877
-0.186712 -1.729378 -2.573636 -0.918702 -0.168590 -0.787170
-0.186643 -1.729566 -2.573701 -0.918259 -0.168674 -0.787472
-0.186572 -1.729761 -2.573769 -0.917801 -0.168761 -0.787783
-0.186497 -1.729962 -2.573839 -0.917330 -0.168851 -0.788103
-0.186420 -1.730170 -2.573911 -0.916844 -0.168945 -0.788432
-0.186340 -1.730384 -2.573986 -0.916346 -0.169041 -0.788768
-0.186258 -1.730604 -2.574062 -0.915835 -0.169140 -0.789111
-0.186173 -1.730829 -2.574140 -0.915311 -0.169242 -0.789462
-0.186086 -1.731061 -2.574220 -0.914776 -0.169347 -0.789820
-0.185997 -1.731298 -2.574301 -0.914230 -0.169455 -0.790184
-0.185905 -1.731540 -2.574384 -0.913674 -0.169565 -0.790554
-0.185811 -1.731787 -2.574469 -0.913108 -0.169677 -0.790930
-0.185715 -1.732039 -2.574555 -0.912532 -0.169792 -0.791310
-0.185616 -1.732295 -2.574643 -0.911949 -0.169910 -0.791695
-0.185516 -1.732555 -2.574731 -0.911357 -0.170029 -0.792083
-0.185414 -1.732819 -2.574821 -0.910759 -0.170151 -0.792475
-0.185311 -1.733087 -2.574912 -0.910155 -0.170274 -0.792870
-0.185205 -1.733357 -2.575003 -0.909546 -0.170399 -0.793266
-0.185098 -1.733631 -2.575096 -0.908932 -0.170526 -0.793664
-0.184990 -1.733906 -2.575189 -0.908315 -0.170654 -0.794063
-0.184881 -1.734184 -2.575282 -0.907696 -0.170783 -0.794461
-0.184770 -1.734464 -2.575376 -0.907076 -0.170913 -0.794859
-0.184659 -1.734744 -2.575469 -0.906455 -0.171045 -0.795255
-0.184546 -1.735026 -2.575563 -0.905835 -0.171177 -0.795649
-0.184433 -1.735308 -2.575657 -0.905217 -0.171310 -0.796040
-0.184319 -1.735589 -2.575750 -0.904602 -0.171443 -0.796427
-0.184205 -1.735870 -2.575843 -0.903991 -0.171576 -0.796809
-0.184091 -1.736150 -2.575935 -0.903386 -0.171709 -0.797186
-0.183977 -1.736428 -2.576026 -0.902788 -0.171842 -0.797555
-0.183863 -1.736704 -2.576116 -0.902198 -0.171974 -0.797917
-0.183749 -1.736978 -2.576205 -0.901618 -0.172106 -0.798271
-0.183636 -1.737248 -2.576292 -0.901049 -0.172236 -0.798614
-0.183524 -1.737514 -2.576377 -0.900492 -0.172366 -0.798947
-0.183412 -1.737775 -2.576461 -0.899950 -0.172494 -0.799268
-0.183302 -1.738032 -2.576542 -0.899423 -0.172620 -0.799576
-0.183193 -1.738282 -2.576621 -0.898913 -0.172744 -0.799870
-0.183085 -1.738526 -2.576697 -0.898423 -0.172866 -0.800148
-0.182980 -1.738763 -2.576771 -0.897953 -0.172985 -0.800410
-0.182876 -1.738992 -2.576841 -0.897505 -0.173101 -0.800654
-0.182775 -1.739212 -2.576908 -0.897082 -0.173214 -0.800879
-0.182677 -1.739423 -2.576971 -0.896686 -0.173323 -0.801083
-0.182581 -1.739624 -2.577030 -0.896317 -0.173428 -0.801265
-0.182489 -1.739814 -2.577084 -0.895978 -0.173530 -0.801424
-0.182400 -1.739992 -2.577134 -0.895672 -0.173626 -0.801558
-0.182314 -1.740157 -2.577179 -0.895400 -0.173718 -0.801666
-0.182233 -1.740309 -2.577219 -0.895164 -0.173804 -0.801746
-0.182156 -1.740446 -2.577254 -0.894967 -0.173884 -0.801797
-0.182084 -1.740568 -2.577283 -0.894809 -0.173959 -0.801818
-0.182016 -1.740676 -2.577306 -0.894689 -0.174027 -0.801812
-0.181953 -1.740769 -2.577323 -0.894606 -0.174090 -0.801777
-0.181895 -1.740848 -2.577335 -0.894560 -0.174146 -0.801715
-0.181842 -1.740913 -2.577342 -0.894551 -0.174197 -0.801627
-0.181793 -1.740963 -2.577343 -0.894578 -0.174242 -0.801512
-0.181749 -1.740999 -2.577338 -0.894640 -0.174280 -0.801371
-0.181710 -1.741022 -2.577329 -0.894737 -0.174314 -0.801205
-0.181675 -1.741031 -2.577313 -0.894868 -0.174341 -0.801014
-0.181646 -1.741026 -2.577293 -0.895032 -0.174362 -0.800799
-0.181621 -1.741008 -2.577267 -0.895230 -0.174378 -0.800561
-0.181602 -1.740976 -2.577235 -0.895460 -0.174388 -0.800300
-0.181587 -1.740932 -2.577199 -0.895721 -0.174392 -0.800017
-0.181577 -1.740874 -2.577157 -0.896014 -0.174390 -0.799712
-0.181573 -1.740804 -2.577110 -0.896337 -0.174383 -0.799386
-0.181573 -1.740720 -2.577058 -0.896690 -0.174370 -0.799040
-0.181579 -1.740624 -2.577000 -0.897071 -0.174352 -0.798674
-0.181589 -1.740516 -2.576938 -0.897482 -0.174328 -0.798288
-0.181605 -1.740396 -2.576870 -0.897920 -0.174298 -0.797885
-0.181626 -1.740263 -2.576798 -0.898385 -0.174263 -0.797463
-0.181652 -1.740119 -2.576720 -0.898876 -0.174222 -0.797024
-0.181683 -1.739963 -2.576638 -0.899393 -0.174176 -0.796569
-0.181720 -1.739795 -2.576551 -0.899935 -0.174124 -0.796098
-0.181762 -1.739616 -2.576458 -0.900501 -0.174067 -0.795612
-0.181809 -1.739425 -2.576361 -0.901090 -0.174005 -0.795112
-0.181861 -1.739224 -2.576259 -0.901702 -0.173937 -0.794597
-0.181919 -1.739012 -2.576153 -0.902336 -0.173864 -0.794070
-0.181982 -1.738789 -2.576042 -0.902991 -0.173785 -0.793531
-0.182051 -1.738555 -2.575926 -0.903667 -0.173702 -0.792980
-0.182125 -1.738312 -2.575805 -0.904362 -0.173613 -0.792419
-0.182205 -1.738058 -2.575680 -0.905075 -0.173519 -0.791847
-0.182290 -1.737794 -2.575550 -0.905807 -0.173419 -0.791266
-0.182380 -1.737520 -2.575416 -0.906556 -0.173315 -0.790677
-0.182477 -1.737237 -2.575278 -0.907321 -0.173206 -0.790080
-0.182579 -1.736945 -2.575135 -0.908102 -0.173091 -0.789477
-0.182686 -1.736644 -2.574988 -0.908897 -0.172972 -0.788867
-0.182799 -1.736333 -2.574836 -0.909706 -0.172847 -0.788252
-0.182918 -1.736014 -2.574681 -0.910527 -0.172718 -0.787632
-0.183043 -1.735687 -2.574521 -0.911361 -0.172584 -0.787009
-0.183173 -1.735351 -2.574357 -0.912206 -0.172445 -0.786384
-0.183309 -1.735007 -2.574189 -0.913061 -0.172301 -0.785756
-0.183451 -1.734656 -2.574017 -0.913925 -0.172152 -0.785127
-0.183599 -1.734296 -2.573841 -0.914798 -0.171999 -0.784498
-0.183753 -1.733930 -2.573661 -0.915678 -0.171841 -0.783870
-0.183912 -1.733556 -2.573477 -0.916564 -0.171679 -0.783244
-0.184078 -1.733176 -2.573290 -0.917456 -0.171512 -0.782620
-0.184250 -1.732788 -2.573099 -0.918353 -0.171340 -0.781999
-0.184427 -1.732395 -2.572904 -0.919253 -0.171164 -0.781382
-0.184611 -1.731995 -2.572705 -0.920155 -0.170984 -0.780771
-0.184800 -1.731589 -2.572503 -0.921059 -0.170799 -0.780166
-0.184996 -1.731177 -2.572298 -0.921964 -0.170610 -0.779568
-0.185198 -1.730760 -2.572089 -0.922868 -0.170417 -0.778979
-0.185406 -1.730338 -2.571876 -0.923771 -0.170219 -0.778398
-0.185620 -1.729911 -2.571661 -0.924671 -0.170017 -0.777827
-0.185841 -1.729480 -2.571442 -0.925568 -0.169811 -0.777268
-0.186067 -1.729043 -2.571220 -0.926460 -0.169601 -0.776720
-0.186300 -1.728603 -2.570995 -0.927346 -0.169388 -0.776185
-0.186540 -1.728159 -2.570767 -0.928225 -0.169170 -0.775665
-0.186785 -1.727711 -2.570536 -0.929097 -0.168948 -0.775159
-0.187037 -1.727260 -2.570302 -0.929959 -0.168722 -0.774670
-0.187296 -1.726806 -2.570065 -0.930811 -0.168493 -0.774197
-0.187561 -1.726349 -2.569826 -0.931652 -0.168260 -0.773743
-0.187832 -1.725890 -2.569583 -0.932481 -0.168023 -0.773309
-0.188110 -1.725429 -2.569339 -0.933296 -0.167783 -0.772894
-0.188394 -1.724965 -2.569091 -0.934096 -0.167539 -0.772501
-0.188685 -1.724500 -2.568842 -0.934880 -0.167292 -0.772131
-0.188983 -1.724034 -2.568589 -0.935647 -0.167041 -0.771784
-0.189287 -1.723566 -2.568335 -0.936395 -0.166787 -0.771462
-0.189598 -1.723098 -2.568078 -0.937124 -0.166530 -0.771166
-0.189915 -1.722630 -2.567819 -0.937832 -0.166269 -0.770896
-0.190240 -1.722161 -2.567558 -0.938519 -0.166005 -0.770656
-0.190571 -1.721693 -2.567295 -0.939182 -0.165738 -0.770444
-0.190908 -1.721225 -2.567031 -0.939820 -0.165469 -0.770263
-0.191253 -1.720758 -2.566764 -0.940432 -0.165196 -0.770114
-0.191605 -1.720293 -2.566496 -0.941018 -0.164920 -0.769998
-0.191963 -1.719829 -2.566225 -0.941575 -0.164642 -0.769915
-0.192328 -1.719366 -2.565954 -0.942102 -0.164360 -0.769869
-0.192701 -1.718906 -2.565681 -0.942598 -0.164077 -0.769859
-0.193080 -1.718448 -2.565406 -0.943062 -0.163790 -0.769886
-0.193466 -1.717994 -2.565130 -0.943492 -0.163501 -0.769953
-0.193859 -1.717542 -2.564853 -0.943888 -0.163210 -0.770058
-0.194259 -1.717092 -2.564575 -0.944252 -0.162916 -0.770202
-0.194666 -1.716646 -2.564295 -0.944582 -0.162619 -0.770384
-0.195080 -1.716202 -2.564014 -0.944881 -0.162321 -0.770603
-0.195500 -1.715761 -2.563731 -0.945147 -0.162020 -0.770859
-0.195926 -1.715323 -2.563448 -0.945381 -0.161716 -0.771152
-0.196359 -1.714887 -2.563163 -0.945585 -0.161411 -0.771481
-0.196798 -1.714454 -2.562877 -0.945757 -0.161103 -0.771846
-0.197244 -1.714023 -2.562590 -0.945900 -0.160794 -0.772246
-0.197695 -1.713595 -2.562301 -0.946012 -0.160482 -0.772680
-0.198152 -1.713169 -2.562012 -0.946095 -0.160168 -0.773149
-0.198616 -1.712745 -2.561721 -0.946149 -0.159852 -0.773651
-0.199085 -1.712324 -2.561429 -0.946174 -0.159534 -0.774186
-0.199559 -1.711905 -2.561135 -0.946172 -0.159214 -0.774754
-0.200039 -1.711489 -2.560841 -0.946141 -0.158893 -0.775354
-0.200525 -1.711074 -2.560546 -0.946084 -0.158570 -0.775986
-0.201016 -1.710662 -2.560249 -0.945999 -0.158244 -0.776648
-0.201512 -1.710251 -2.559951 -0.945889 -0.157918 -0.777341
-0.202013 -1.709843 -2.559652 -0.945752 -0.157589 -0.778064
-0.202519 -1.709437 -2.559352 -0.945591 -0.157259 -0.778817
-0.203030 -1.709033 -2.559051 -0.945404 -0.156928 -0.779598
-0.203545 -1.708630 -2.558749 -0.945194 -0.156595 -0.780407
-0.204065 -1.708229 -2.558446 -0.944959 -0.156260 -0.781244
-0.204590 -1.707830 -2.558142 -0.944702 -0.155925 -0.782108
-0.205119 -1.707433 -2.557837 -0.944421 -0.155587 -0.782998
-0.205652 -1.707037 -2.557531 -0.944119 -0.155249 -0.783914
-0.206190 -1.706643 -2.557223 -0.943794 -0.154909 -0.784856
-0.206731 -1.706251 -2.556915 -0.943449 -0.154569 -0.785822
-0.207276 -1.705860 -2.556606 -0.943083 -0.154227 -0.786812
-0.207825 -1.705470 -2.556296 -0.942697 -0.153884 -0.787825
-0.208378 -1.705082 -2.555985 -0.942291 -0.153540 -0.788861
-0.208934 -1.704695 -2.555673 -0.941867 -0.153196 -0.789920
-0.209493 -1.704309 -2.555360 -0.941424 -0.152850 -0.790999
-0.210055 -1.703925 -2.555046 -0.940964 -0.152504 -0.792100
-0.210621 -1.703541 -2.554732 -0.940486 -0.152156 -0.793220
-0.211189 -1.703159 -2.554416 -0.939991 -0.151809 -0.794360
-0.211761 -1.702777 -2.554100 -0.939481 -0.151460 -0.795519
-0.212334 -1.702397 -2.553782 -0.938955 -0.151111 -0.796696
-0.212911 -1.702017 -2.553464 -0.938415 -0.150762 -0.797890
-0.213489 -1.701638 -2.553145 -0.937860 -0.150412 -0.799101
-0.214070 -1.701260 -2.552826 -0.937292 -0.150062 -0.800327
-0.214653 -1.700883 -2.552505 -0.936711 -0.149711 -0.801569
-0.215238 -1.700506 -2.552184 -0.936117 -0.149360 -0.802826
-0.215824 -1.700129 -2.551862 -0.935512 -0.149010 -0.804096
-0.216412 -1.699754 -2.551540 -0.934896 -0.148659 -0.805379
-0.217002 -1.699378 -2.551216 -0.934269 -0.148308 -0.806675
-0.217593 -1.699003 -2.550892 -0.933633 -0.147957 -0.807982
-0.218185 -1.698628 -2.550568 -0.932988 -0.147606 -0.809300
-0.218778 -1.698253 -2.550242 -0.932334 -0.147255 -0.810628
-0.219371 -1.697878 -2.549916 -0.931673 -0.146905 -0.811965
-0.219966 -1.697504 -2.549590 -0.931004 -0.146555 -0.813311
-0.220561 -1.697129 -2.549262 -0.930330 -0.146205 -0.814664
-0.221156 -1.696754 -2.548934 -0.929650 -0.145856 -0.816024
-0.221751 -1.696379 -2.548606 -0.928965 -0.145507 -0.817390
-0.222347 -1.696004 -2.548277 -0.928275 -0.145159 -0.818761
-0.222942 -1.695628 -2.547948 -0.927583 -0.144811 -0.820137
-0.223537 -1.695252 -2.547618 -0.926887 -0.144465 -0.821516
-0.224131 -1.694876 -2.547287 -0.926190 -0.144119 -0.822898
-0.224725 -1.694499 -2.546956 -0.925491 -0.143774 -0.824282
-0.225318 -1.694121 -2.546625 -0.924792 -0.143430 -0.825667
-0.225909 -1.693742 -2.546293 -0.924094 -0.143087 -0.827052
-0.226500 -1.693363 -2.545961 -0.923396 -0.142746 -0.828436
-0.227089 -1.692983 -2.545628 -0.922700 -0.142405 -0.829819
-0.227676 -1.692601 -2.545295 -0.922007 -0.142066 -0.831199
-0.228262 -1.692219 -2.544962 -0.921317 -0.141728 -0.832576
-0.228846 -1.691835 -2.544628 -0.920631 -0.141392 -0.833948
-0.229428 -1.691451 -2.544294 -0.919950 -0.141057 -0.835315
-0.230007 -1.691065 -2.543960 -0.919275 -0.140724 -0.836677
-0.230584 -1.690677 -2.543625 -0.918606 -0.140393 -0.838031
-0.231159 -1.690288 -2.543290 -0.917944 -0.140062 -0.839379
-0.231740 -1.689891 -2.542949 -0.917280 -0.139729 -0.840739
-0.232328 -1.689485 -2.542602 -0.916613 -0.139392 -0.842112
-0.232922 -1.689072 -2.542250 -0.915943 -0.139052 -0.843500
-0.233522 -1.688650 -2.541891 -0.915271 -0.138708 -0.844900
-0.234130 -1.688220 -2.541527 -0.914596 -0.138361 -0.846314
-0.234743 -1.687781 -2.541157 -0.913919 -0.138011 -0.847741
-0.235362 -1.687335 -2.540780 -0.913240 -0.137657 -0.849180
-0.235987 -1.686879 -2.540398 -0.912560 -0.137301 -0.850631
-0.236618 -1.686416 -2.540010 -0.911877 -0.136942 -0.852095
-0.237255 -1.685944 -2.539616 -0.911194 -0.136580 -0.853571
-0.237897 -1.685464 -2.539216 -0.910509 -0.136215 -0.855058
-0.238545 -1.684975 -2.538811 -0.909822 -0.135847 -0.856557
-0.239198 -1.684478 -2.538399 -0.909135 -0.135477 -0.858068
-0.239856 -1.683972 -2.537981 -0.908446 -0.135105 -0.859591
-0.240519 -1.683458 -2.537558 -0.907755 -0.134730 -0.861125
-0.241188 -1.682936 -2.537129 -0.907064 -0.134353 -0.862671
-0.241861 -1.682405 -2.536694 -0.906371 -0.133974 -0.864228
-0.242539 -1.681866 -2.536252 -0.905676 -0.133593 -0.865797
-0.243222 -1.681318 -2.535806 -0.904980 -0.133210 -0.867379
-0.243909 -1.680762 -2.535353 -0.904282 -0.132825 -0.868972
-0.244602 -1.680198 -2.534894 -0.903581 -0.132438 -0.870577
-0.245298 -1.679626 -2.534429 -0.902878 -0.132050 -0.872195
-0.246000 -1.679045 -2.533959 -0.902173 -0.131660 -0.873826
-0.246705 -1.678457 -2.533483 -0.901465 -0.131268 -0.875470
-0.247416 -1.677860 -2.533000 -0.900753 -0.130875 -0.877128
-0.248130 -1.677255 -2.532512 -0.900037 -0.130480 -0.878800
-0.248849 -1.676642 -2.532018 -0.899317 -0.130084 -0.880487
-0.249573 -1.676021 -2.531518 -0.898592 -0.129686 -0.882188
-0.250301 -1.675392 -2.531012 -0.897861 -0.129287 -0.883906
-0.251034 -1.674756 -2.530500 -0.897124 -0.128887 -0.885640
-0.251771 -1.674111 -2.529982 -0.896380 -0.128486 -0.887392
-0.252513 -1.673459 -2.529458 -0.895629 -0.128083 -0.889161
-0.253259 -1.672800 -2.528928 -0.894869 -0.127679 -0.890950
-0.254011 -1.672133 -2.528392 -0.894100 -0.127274 -0.892758
-0.254767 -1.671459 -2.527849 -0.893321 -0.126868 -0.894587
-0.255528 -1.670777 -2.527301 -0.892530 -0.126461 -0.896439
-0.256294 -1.670089 -2.526747 -0.891728 -0.126053 -0.898313
-0.257065 -1.669393 -2.526186 -0.890911 -0.125644 -0.900212
-0.257842 -1.668691 -2.525620 -0.890080 -0.125233 -0.902137
-0.258624 -1.667982 -2.525047 -0.889234 -0.124821 -0.904089
-0.259412 -1.667266 -2.524468 -0.888370 -0.124409 -0.906069
-0.260206 -1.666545 -2.523882 -0.887487 -0.123995 -0.908080
-0.261006 -1.665817 -2.523290 -0.886584 -0.123580 -0.910122
-0.261812 -1.665083 -2.522692 -0.885659 -0.123163 -0.912198
-0.262625 -1.664343 -2.522088 -0.884712 -0.122745 -0.914309
-0.263445 -1.663597 -2.521477 -0.883739 -0.122326 -0.916458
-0.264272 -1.662846 -2.520860 -0.882739 -0.121906 -0.918645
-0.265106 -1.662090 -2.520236 -0.881713 -0.121484 -0.920872
-0.265946 -1.661329 -2.519606 -0.880659 -0.121061 -0.923138
-0.266794 -1.660562 -2.518969 -0.879579 -0.120637 -0.925443
-0.267649 -1.659789 -2.518325 -0.878471 -0.120212 -0.927788
-0.268510 -1.659011 -2.517675 -0.877337 -0.119786 -0.930171
-0.269377 -1.658228 -2.517019 -0.876176 -0.119359 -0.932593
-0.270251 -1.657440 -2.516356 -0.874988 -0.118932 -0.935054
-0.271131 -1.656646 -2.515686 -0.873774 -0.118504 -0.937554
-0.272017 -1.655846 -2.515010 -0.872533 -0.118076 -0.940092
-0.272909 -1.655042 -2.514327 -0.871265 -0.117647 -0.942668
-0.273807 -1.654231 -2.513638 -0.869972 -0.117218 -0.945283
-0.274710 -1.653416 -2.512941 -0.868652 -0.116790 -0.947934
-0.275619 -1.652595 -2.512239 -0.867307 -0.116361 -0.950623
-0.276533 -1.651768 -2.511529 -0.865937 -0.115933 -0.953349
-0.277453 -1.650936 -2.510813 -0.864542 -0.115505 -0.956112
-0.278377 -1.650098 -2.510090 -0.863121 -0.115077 -0.958910
-0.279306 -1.649255 -2.509360 -0.861677 -0.114650 -0.961744
-0.280239 -1.648406 -2.508623 -0.860209 -0.114224 -0.964613
-0.281177 -1.647551 -2.507880 -0.858717 -0.113799 -0.967516
-0.282119 -1.646691 -2.507130 -0.857202 -0.113375 -0.970454
-0.283065 -1.645825 -2.506373 -0.855665 -0.112952 -0.973424
-0.284014 -1.644952 -2.505609 -0.854106 -0.112531 -0.976427
-0.284967 -1.644074 -2.504839 -0.852526 -0.112111 -0.979462
-0.285923 -1.643190 -2.504061 -0.850925 -0.111693 -0.982527
-0.286883 -1.642300 -2.503277 -0.849304 -0.111277 -0.985623
-0.287845 -1.641404 -2.502486 -0.847664 -0.110863 -0.988749
-0.288809 -1.640502 -2.501687 -0.846006 -0.110451 -0.991902
-0.289776 -1.639593 -2.500882 -0.844330 -0.110041 -0.995084
-0.290744 -1.638678 -2.500070 -0.842637 -0.109634 -0.998291
-0.291715 -1.637756 -2.499250 -0.840928 -0.109230 -1.001524
-0.292689 -1.636826 -2.498422 -0.839199 -0.108828 -1.004791
-0.293669 -1.635884 -2.497582 -0.837448 -0.108427 -1.008096
-0.294654 -1.634932 -2.496732 -0.835673 -0.108027 -1.011441
-0.295645 -1.633970 -2.495871 -0.833876 -0.107629 -1.014824
-0.296641 -1.632996 -2.494998 -0.832056 -0.107232 -1.018246
-0.297642 -1.632012 -2.494115 -0.830212 -0.106838 -1.021707
-0.298648 -1.631017 -2.493220 -0.828346 -0.106446 -1.025208
-0.299659 -1.630011 -2.492314 -0.826456 -0.106055 -1.028747
-0.300675 -1.628994 -2.491397 -0.824544 -0.105668 -1.032325
-0.301695 -1.627967 -2.490468 -0.822608 -0.105282 -1.035942
-0.302720 -1.626929 -2.489527 -0.820649 -0.104900 -1.039598
-0.303749 -1.625880 -2.488575 -0.818666 -0.104520 -1.043293
-0.304783 -1.624820 -2.487610 -0.816661 -0.104143 -1.047027
-0.305821 -1.623749 -2.486634 -0.814632 -0.103769 -1.050800
-0.306863 -1.622668 -2.485646 -0.812579 -0.103399 -1.054612
-0.307909 -1.621575 -2.484645 -0.810503 -0.103032 -1.058464
-0.308959 -1.620472 -2.483631 -0.808404 -0.102668 -1.062354
-0.310014 -1.619357 -2.482606 -0.806281 -0.102308 -1.066283
-0.311072 -1.618231 -2.481567 -0.804135 -0.101952 -1.070252
-0.312134 -1.617095 -2.480516 -0.801965 -0.101599 -1.074259
-0.313200 -1.615947 -2.479451 -0.799772 -0.101251 -1.078306
-0.314270 -1.614788 -2.478373 -0.797555 -0.100906 -1.082392
-0.315343 -1.613618 -2.477282 -0.795314 -0.100566 -1.086517
-0.316420 -1.612436 -2.476178 -0.793050 -0.100230 -1.090681
-0.317501 -1.611243 -2.475059 -0.790762 -0.099898 -1.094885
-0.318586 -1.610039 -2.473927 -0.788452 -0.099571 -1.099126
-0.319674 -1.608823 -2.472780 -0.786119 -0.099249 -1.103406
-0.320765 -1.607596 -2.471619 -0.783765 -0.098932 -1.107722
-0.321859 -1.606356 -2.470444 -0.781391 -0.098619 -1.112074
-0.322956 -1.605104 -2.469254 -0.778996 -0.098312 -1.116461
-0.324056 -1.603840 -2.468049 -0.776582 -0.098011 -1.120883
-0.325158 -1.602564 -2.466829 -0.774151 -0.097714 -1.125338
-0.326263 -1.601275 -2.465594 -0.771701 -0.097424 -1.129826
-0.327370 -1.599973 -2.464343 -0.769236 -0.097139 -1.134344
-0.328479 -1.598658 -2.463076 -0.766756 -0.096860 -1.138894
-0.329590 -1.597329 -2.461793 -0.764261 -0.096587 -1.143472
-0.330702 -1.595988 -2.460494 -0.761753 -0.096321 -1.148078
-0.331817 -1.594632 -2.459178 -0.759233 -0.096061 -1.152711
-0.332933 -1.593262 -2.457846 -0.756703 -0.095807 -1.157370
-0.334050 -1.591878 -2.456497 -0.754163 -0.095561 -1.162053
-0.335168 -1.590480 -2.455130 -0.751615 -0.095321 -1.166759
-0.336287 -1.589066 -2.453746 -0.749060 -0.095088 -1.171486
-0.337407 -1.587638 -2.452343 -0.746500 -0.094862 -1.176233
-0.338526 -1.586196 -2.450925 -0.743940 -0.094644 -1.180991
-0.339641 -1.584745 -2.449494 -0.741387 -0.094434 -1.185748
-0.340752 -1.583283 -2.448050 -0.738842 -0.094232 -1.190503
-0.341859 -1.581811 -2.446593 -0.736306 -0.094038 -1.195256
-0.342963 -1.580328 -2.445123 -0.733780 -0.093852 -1.200005
-0.344062 -1.578835 -2.443639 -0.731264 -0.093675 -1.204749
-0.345158 -1.577330 -2.442141 -0.728760 -0.093505 -1.209488
-0.346250 -1.575815 -2.440629 -0.726268 -0.093344 -1.214220
-0.347338 -1.574288 -2.439103 -0.723789 -0.093191 -1.218946
-0.348422 -1.572749 -2.437563 -0.721325 -0.093046 -1.223663
-0.349502 -1.571198 -2.436008 -0.718877 -0.092910 -1.228371
-0.350579 -1.569636 -2.434438 -0.716444 -0.092781 -1.233069
-0.351651 -1.568061 -2.432854 -0.714030 -0.092661 -1.237755
-0.352719 -1.566473 -2.431254 -0.711633 -0.092549 -1.242430
-0.353784 -1.564873 -2.429639 -0.709256 -0.092445 -1.247092
-0.354845 -1.563260 -2.428008 -0.706900 -0.092349 -1.251739
-0.355902 -1.561633 -2.426361 -0.704565 -0.092261 -1.256371
-0.356954 -1.559994 -2.424699 -0.702255 -0.092181 -1.260985
-0.357999 -1.558346 -2.423026 -0.699975 -0.092109 -1.265567
-0.359037 -1.556690 -2.421342 -0.697726 -0.092046 -1.270117
-0.360068 -1.555025 -2.419647 -0.695509 -0.091990 -1.274635
-0.361092 -1.553351 -2.417942 -0.693325 -0.091943 -1.279119
-0.362109 -1.551669 -2.416225 -0.691173 -0.091904 -1.283570
-0.363119 -1.549977 -2.414496 -0.689055 -0.091872 -1.287986
-0.364122 -1.548277 -2.412757 -0.686971 -0.091848 -1.292368
-0.365118 -1.546568 -2.411006 -0.684921 -0.091832 -1.296715
-0.366107 -1.544850 -2.409245 -0.682905 -0.091824 -1.301026
-0.367090 -1.543122 -2.407471 -0.680925 -0.091823 -1.305302
-0.368066 -1.541385 -2.405686 -0.678981 -0.091830 -1.309541
-0.369035 -1.539639 -2.403890 -0.677072 -0.091844 -1.313743
-0.369997 -1.537884 -2.402082 -0.675201 -0.091865 -1.317907
-0.370953 -1.536118 -2.400262 -0.673367 -0.091893 -1.322034
-0.371903 -1.534344 -2.398431 -0.671570 -0.091929 -1.326123
-0.372846 -1.532559 -2.396588 -0.669811 -0.091972 -1.330173
-0.373783 -1.530764 -2.394733 -0.668091 -0.092021 -1.334184
-0.374714 -1.528959 -2.392865 -0.666408 -0.092078 -1.338158
-0.375639 -1.527143 -2.390984 -0.664764 -0.092141 -1.342095
-0.376558 -1.525316 -2.389090 -0.663157 -0.092211 -1.345994
-0.377472 -1.523479 -2.387183 -0.661589 -0.092288 -1.349855
-0.378380 -1.521630 -2.385264 -0.660059 -0.092372 -1.353678
-0.379282 -1.519772 -2.383332 -0.658567 -0.092462 -1.357464
-0.380178 -1.517902 -2.381387 -0.657114 -0.092559 -1.361211
-0.381069 -1.516022 -2.379428 -0.655699 -0.092662 -1.364920
-0.381954 -1.514131 -2.377457 -0.654323 -0.092772 -1.368590
-0.382834 -1.512230 -2.375473 -0.652985 -0.092888 -1.372222
-0.383708 -1.510318 -2.373476 -0.651687 -0.093011 -1.375816
-0.384577 -1.508395 -2.371466 -0.650427 -0.093139 -1.379371
-0.385440 -1.506462 -2.369443 -0.649206 -0.093274 -1.382887
-0.386298 -1.504518 -2.367406 -0.648024 -0.093415 -1.386364
-0.387151 -1.502563 -2.365357 -0.646881 -0.093563 -1.389801
-0.387999 -1.500597 -2.363293 -0.645776 -0.093716 -1.393203
-0.388846 -1.498610 -2.361206 -0.644706 -0.093876 -1.396581
-0.389692 -1.496601 -2.359093 -0.643670 -0.094043 -1.399938
-0.390538 -1.494571 -2.356956 -0.642667 -0.094217 -1.403273
-0.391383 -1.492519 -2.354793 -0.641700 -0.094398 -1.406586
-0.392227 -1.490445 -2.352605 -0.640767 -0.094586 -1.409876
-0.393070 -1.488349 -2.350392 -0.639870 -0.094781 -1.413143
-0.393912 -1.486231 -2.348152 -0.639009 -0.094983 -1.416386
-0.394753 -1.484091 -2.345887 -0.638184 -0.095192 -1.419605
-0.395593 -1.481929 -2.343595 -0.637396 -0.095409 -1.422798
-0.396432 -1.479745 -2.341277 -0.636645 -0.095633 -1.425966
-0.397269 -1.477539 -2.338933 -0.635932 -0.095864 -1.429109
-0.398106 -1.475310 -2.336562 -0.635257 -0.096102 -1.432224
-0.398941 -1.473060 -2.334164 -0.634619 -0.096348 -1.435313
-0.399775 -1.470787 -2.331740 -0.634021 -0.096601 -1.438374
-0.400607 -1.468492 -2.329288 -0.633461 -0.096862 -1.441407
-0.401438 -1.466174 -2.326808 -0.632940 -0.097129 -1.444412
-0.402268 -1.463834 -2.324302 -0.632459 -0.097405 -1.447389
-0.403095 -1.461472 -2.321767 -0.632018 -0.097688 -1.450336
-0.403922 -1.459088 -2.319205 -0.631615 -0.097978 -1.453254
-0.404746 -1.456681 -2.316615 -0.631253 -0.098276 -1.456142
-0.405569 -1.454252 -2.313997 -0.630930 -0.098581 -1.459001
-0.406390 -1.451801 -2.311350 -0.630647 -0.098895 -1.461830
-0.407210 -1.449328 -2.308676 -0.630404 -0.099215 -1.464629
-0.408027 -1.446832 -2.305972 -0.630200 -0.099544 -1.467397
-0.408843 -1.444315 -2.303240 -0.630036 -0.099880 -1.470135
-0.409656 -1.441776 -2.300480 -0.629912 -0.100224 -1.472843
-0.410468 -1.439214 -2.297690 -0.629827 -0.100575 -1.475519
-0.411278 -1.436631 -2.294872 -0.629782 -0.100935 -1.478165
-0.412085 -1.434026 -2.292024 -0.629777 -0.101302 -1.480780
-0.412891 -1.431400 -2.289147 -0.629810 -0.101677 -1.483364
-0.413694 -1.428751 -2.286240 -0.629883 -0.102060 -1.485917
-0.414495 -1.426082 -2.283304 -0.629994 -0.102450 -1.488438
-0.415294 -1.423390 -2.280338 -0.630145 -0.102849 -1.490929
-0.416091 -1.420678 -2.277342 -0.630333 -0.103255 -1.493389
-0.416885 -1.417944 -2.274317 -0.630560 -0.103670 -1.495817
-0.417677 -1.415188 -2.271261 -0.630825 -0.104092 -1.498215
-0.418466 -1.412412 -2.268175 -0.631127 -0.104523 -1.500582
-0.419254 -1.409615 -2.265059 -0.631467 -0.104961 -1.502918
-0.420038 -1.406797 -2.261913 -0.631843 -0.105407 -1.505224
-0.420820 -1.403958 -2.258736 -0.632256 -0.105862 -1.507500
-0.421600 -1.401098 -2.255528 -0.632705 -0.106324 -1.509745
-0.422377 -1.398218 -2.252290 -0.633189 -0.106795 -1.511960
-0.423152 -1.395317 -2.249020 -0.633709 -0.107274 -1.514147
-0.423926 -1.392390 -2.245713 -0.634265 -0.107762 -1.516308
-0.424698 -1.389438 -2.242369 -0.634855 -0.108259 -1.518443
-0.425469 -1.386460 -2.238987 -0.635482 -0.108765 -1.520553
-0.426239 -1.383456 -2.235567 -0.636143 -0.109281 -1.522637
-0.427007 -1.380427 -2.232109 -0.636839 -0.109805 -1.524696
-0.427774 -1.377372 -2.228613 -0.637569 -0.110340 -1.526730
-0.428539 -1.374292 -2.225079 -0.638333 -0.110883 -1.528739
-0.429303 -1.371187 -2.221506 -0.639130 -0.111436 -1.530722
-0.430065 -1.368057 -2.217895 -0.639960 -0.111998 -1.532681
-0.430825 -1.364903 -2.214245 -0.640823 -0.112570 -1.534616
-0.431584 -1.361723 -2.210555 -0.641717 -0.113152 -1.536526
-0.432340 -1.358520 -2.206828 -0.642642 -0.113743 -1.538411
-0.433093 -1.355299 -2.203069 -0.643596 -0.114342 -1.540269
-0.433842 -1.352063 -2.199281 -0.644577 -0.114950 -1.542099
-0.434587 -1.348811 -2.195464 -0.645586 -0.115565 -1.543901
-0.435329 -1.345543 -2.191617 -0.646620 -0.116189 -1.545676
-0.436066 -1.342261 -2.187741 -0.647679 -0.116820 -1.547424
-0.436799 -1.338963 -2.183835 -0.648763 -0.117460 -1.549146
-0.437529 -1.335650 -2.179900 -0.649871 -0.118108 -1.550843
-0.438254 -1.332323 -2.175935 -0.651002 -0.118764 -1.552514
-0.438976 -1.328980 -2.171941 -0.652156 -0.119428 -1.554161
-0.439694 -1.325624 -2.167917 -0.653330 -0.120100 -1.555785
-0.440408 -1.322253 -2.163863 -0.654526 -0.120780 -1.557385
-0.441114 -1.318883 -2.159799 -0.655736 -0.121465 -1.558956
-0.441810 -1.315534 -2.155748 -0.656951 -0.122151 -1.560488
-0.442494 -1.312208 -2.151711 -0.658172 -0.122837 -1.561984
-0.443168 -1.308904 -2.147689 -0.659396 -0.123523 -1.563445
-0.443830 -1.305622 -2.143682 -0.660623 -0.124210 -1.564872
-0.444483 -1.302363 -2.139691 -0.661852 -0.124896 -1.566266
-0.445124 -1.299126 -2.135716 -0.663081 -0.125582 -1.567628
-0.445756 -1.295912 -2.131756 -0.664311 -0.126268 -1.568959
-0.446378 -1.292720 -2.127814 -0.665540 -0.126954 -1.570261
-0.446990 -1.289552 -2.123888 -0.666767 -0.127639 -1.571534
-0.447593 -1.286406 -2.119980 -0.667991 -0.128323 -1.572781
-0.448185 -1.283284 -2.116089 -0.669212 -0.129006 -1.574001
-0.448767 -1.280194 -2.112228 -0.670426 -0.129686 -1.575192
-0.449338 -1.277140 -2.108401 -0.671629 -0.130362 -1.576354
-0.449897 -1.274122 -2.104609 -0.672823 -0.131034 -1.577487
-0.450445 -1.271140 -2.100853 -0.674006 -0.131702 -1.578594
-0.450982 -1.268194 -2.097132 -0.675177 -0.132365 -1.579673
-0.451509 -1.265285 -2.093447 -0.676337 -0.133023 -1.580728
-0.452025 -1.262411 -2.089799 -0.677484 -0.133677 -1.581757
-0.452530 -1.259574 -2.086187 -0.678619 -0.134325 -1.582763
-0.453026 -1.256774 -2.082613 -0.679741 -0.134968 -1.583745
-0.453511 -1.254009 -2.079077 -0.680849 -0.135606 -1.584705
-0.453987 -1.251281 -2.075579 -0.681943 -0.136238 -1.585643
-0.454453 -1.248590 -2.072119 -0.683023 -0.136865 -1.586560
-0.454910 -1.245935 -2.068699 -0.684089 -0.137486 -1.587457
-0.455357 -1.243314 -2.065315 -0.685140 -0.138102 -1.588334
-0.455796 -1.240727 -2.061967 -0.686178 -0.138712 -1.589193
-0.456227 -1.238173 -2.058654 -0.687202 -0.139317 -1.590034
-0.456649 -1.235653 -2.055376 -0.688212 -0.139917 -1.590858
-0.457063 -1.233165 -2.052135 -0.689209 -0.140511 -1.591665
-0.457469 -1.230710 -2.048930 -0.690191 -0.141099 -1.592456
-0.457866 -1.228288 -2.045762 -0.691158 -0.141682 -1.593230
-0.458257 -1.225900 -2.042631 -0.692112 -0.142258 -1.593989
-0.458639 -1.223545 -2.039537 -0.693050 -0.142829 -1.594733
-0.459013 -1.221222 -2.036480 -0.693975 -0.143394 -1.595462
-0.459381 -1.218933 -2.033461 -0.694884 -0.143953 -1.596176
-0.459740 -1.216677 -2.030480 -0.695779 -0.144505 -1.596876
-0.460093 -1.214454 -2.027537 -0.696659 -0.145051 -1.597562
-0.460438 -1.212264 -2.024633 -0.697524 -0.145591 -1.598234
-0.460777 -1.210108 -2.021768 -0.698374 -0.146124 -1.598892
-0.461108 -1.207984 -2.018941 -0.699210 -0.146650 -1.599538
-0.461432 -1.205892 -2.016152 -0.700031 -0.147170 -1.600171
-0.461750 -1.203831 -2.013399 -0.700838 -0.147684 -1.600792
-0.462062 -1.201800 -2.010682 -0.701631 -0.148192 -1.601402
-0.462368 -1.199800 -2.008001 -0.702411 -0.148694 -1.602000
-0.462667 -1.197829 -2.005356 -0.703177 -0.149189 -1.602586
-0.462961 -1.195889 -2.002748 -0.703929 -0.149679 -1.603162
-0.463248 -1.193979 -2.000176 -0.704668 -0.150161 -1.603726
-0.463530 -1.192100 -1.997641 -0.705393 -0.150637 -1.604280
-0.463806 -1.190250 -1.995143 -0.706105 -0.151107 -1.604823
-0.464076 -1.188431 -1.992683 -0.706803 -0.151570 -1.605355
-0.464340 -1.186643 -1.990260 -0.707488 -0.152027 -1.605877
-0.464599 -1.184884 -1.987874 -0.708159 -0.152477 -1.606388
-0.464852 -1.183156 -1.985526 -0.708817 -0.152920 -1.606890
-0.465100 -1.181457 -1.983216 -0.709461 -0.153356 -1.607381
-0.465342 -1.179789 -1.980945 -0.710093 -0.153785 -1.607862
-0.465579 -1.178152 -1.978711 -0.710711 -0.154208 -1.608334
-0.465810 -1.176544 -1.976516 -0.711316 -0.154623 -1.608796
-0.466036 -1.174967 -1.974359 -0.711909 -0.155032 -1.609247
-0.466257 -1.173420 -1.972241 -0.712488 -0.155433 -1.609690
-0.466473 -1.171903 -1.970162 -0.713054 -0.155827 -1.610123
-0.466684 -1.170416 -1.968122 -0.713608 -0.156214 -1.610546
-0.466890 -1.168960 -1.966121 -0.714149 -0.156594 -1.610960
-0.467091 -1.167531 -1.964156 -0.714678 -0.156968 -1.611366
-0.467287 -1.166130 -1.962227 -0.715195 -0.157334 -1.611763
-0.467479 -1.164757 -1.960335 -0.715701 -0.157694 -1.612151
-0.467667 -1.163412 -1.958478 -0.716195 -0.158047 -1.612531
-0.467850 -1.162094 -1.956659 -0.716677 -0.158394 -1.612903
-0.468028 -1.160804 -1.954875 -0.717148 -0.158733 -1.613266
-0.468202 -1.159542 -1.953128 -0.717608 -0.159066 -1.613621
-0.468372 -1.158308 -1.951418 -0.718057 -0.159392 -1.613968
-0.468537 -1.157101 -1.949745 -0.718494 -0.159711 -1.614307
-0.468699 -1.155922 -1.948109 -0.718920 -0.160024 -1.614637
-0.468855 -1.154771 -1.946510 -0.719335 -0.160329 -1.614960
-0.469008 -1.153647 -1.944948 -0.719739 -0.160627 -1.615274
-0.469157 -1.152551 -1.943423 -0.720132 -0.160918 -1.615581
-0.469301 -1.151483 -1.941936 -0.720514 -0.161203 -1.615879
-0.469441 -1.150443 -1.940486 -0.720885 -0.161480 -1.616169
-0.469577 -1.149430 -1.939074 -0.721246 -0.161750 -1.616452
-0.469709 -1.148445 -1.937699 -0.721595 -0.162013 -1.616726
-0.469837 -1.147488 -1.936362 -0.721934 -0.162268 -1.616993
-0.469962 -1.146558 -1.935063 -0.722263 -0.162517 -1.617252
-0.470082 -1.145657 -1.933802 -0.722581 -0.162759 -1.617503
-0.470198 -1.144783 -1.932579 -0.722889 -0.162993 -1.617746
-0.470310 -1.143936 -1.931393 -0.723186 -0.163220 -1.617981
-0.470418 -1.143118 -1.930246 -0.723472 -0.163440 -1.618208
-0.470523 -1.142327 -1.929138 -0.723749 -0.163652 -1.618428
-0.470623 -1.141564 -1.928067 -0.724015 -0.163857 -1.618640
-0.470720 -1.140829 -1.927035 -0.724271 -0.164055 -1.618844
-0.470813 -1.140121 -1.926041 -0.724517 -0.164246 -1.619040
-0.470902 -1.139441 -1.925086 -0.724753 -0.164429 -1.619228
-0.470987 -1.138789 -1.924169 -0.724979 -0.164605 -1.619409
-0.471069 -1.138165 -1.923290 -0.725195 -0.164773 -1.619582
-0.471147 -1.137568 -1.922451 -0.725401 -0.164935 -1.619748
-0.471221 -1.136999 -1.921650 -0.725597 -0.165088 -1.619905
-0.471291 -1.136458 -1.920888 -0.725783 -0.165235 -1.620055
-0.471358 -1.135945 -1.920165 -0.725960 -0.165374 -1.620197
-0.471421 -1.135459 -1.919480 -0.726126 -0.165505 -1.620332
-0.471481 -1.135001 -1.918834 -0.726283 -0.165629 -1.620459
-0.471536 -1.134571 -1.918228 -0.726430 -0.165745 -1.620578
-0.471588 -1.134169 -1.917660 -0.726568 -0.165855 -1.620689
-0.471637 -1.133794 -1.917131 -0.726696 -0.165956 -1.620793
-0.471682 -1.133447 -1.916642 -0.726814 -0.166050 -1.620889
-0.471723 -1.133128 -1.916191 -0.726923 -0.166137 -1.620977
-0.471760 -1.132837 -1.915779 -0.727022 -0.166216 -1.621058
-0.471794 -1.132573 -1.915407 -0.727112 -0.166287 -1.621131
-0.471825 -1.132337 -1.915074 -0.727192 -0.166351 -1.621196
-0.471851 -1.132129 -1.914779 -0.727263 -0.166408 -1.621254
-0.471875 -1.131948 -1.914525 -0.727324 -0.166457 -1.621303
-0.471894 -1.131796 -1.914309 -0.727376 -0.166498 -1.621346
-0.471910 -1.131671 -1.914132 -0.727418 -0.166532 -1.621380
-0.471923 -1.131574 -1.913995 -0.727451 -0.166559 -1.621407
-0.471932 -1.131504 -1.913897 -0.727475 -0.166578 -1.621426
-0.471937 -1.131463 -1.913838 -0.727489 -0.166589 -1.621438
-0.471939 -1.131449 -1.913818 -0.727494 -0.166593 -1.621442
