1.613 -1.171 -1.029 1.695 -1.531 -0.050
1.613 -1.171 -1.029 1.695 -1.531 -0.050
1.613 -1.171 -1.029 1.695 -1.531 -0.050
1.613 -1.171 -1.029 1.695 -1.531 -0.050
1.613 -1.171 -1.029 1.695 -1.531 -0.051
1.613 -1.171 -1.029 1.695 -1.531 -0.051
1.613 -1.171 -1.029 1.695 -1.531 -0.051
1.613 -1.171 -1.030 1.694 -1.531 -0.051
1.613 -1.172 -1.030 1.694 -1.532 -0.051
1.613 -1.172 -1.030 1.694 -1.532 -0.051
1.613 -1.172 -1.031 1.694 -1.532 -0.051
1.613 -1.172 -1.031 1.693 -1.532 -0.051
1.613 -1.173 -1.032 1.693 -1.532 -0.051
1.613 -1.173 -1.032 1.693 -1.532 -0.051
1.612 -1.173 -1.033 1.692 -1.532 -0.051
1.612 -1.174 -1.033 1.692 -1.532 -0.051
1.612 -1.174 -1.034 1.691 -1.533 -0.051
1.612 -1.174 -1.034 1.691 -1.533 -0.052
1.612 -1.175 -1.035 1.690 -1.533 -0.052
1.612 -1.175 -1.036 1.690 -1.533 -0.052
1.612 -1.176 -1.037 1.689 -1.533 -0.052
1.612 -1.176 -1.037 1.688 -1.534 -0.052
1.612 -1.177 -1.038 1.688 -1.534 -0.052
1.612 -1.177 -1.039 1.687 -1.534 -0.052
1.612 -1.178 -1.040 1.686 -1.534 -0.053
1.612 -1.179 -1.041 1.686 -1.535 -0.053
1.612 -1.179 -1.042 1.685 -1.535 -0.053
1.612 -1.180 -1.043 1.684 -1.535 -0.053
1.611 -1.181 -1.044 1.683 -1.536 -0.053
1.611 -1.181 -1.045 1.682 -1.536 -0.054
1.611 -1.182 -1.046 1.682 -1.536 -0.054
1.611 -1.183 -1.047 1.681 -1.537 -0.054
1.611 -1.183 -1.049 1.680 -1.537 -0.054
1.611 -1.184 -1.050 1.679 -1.537 -0.054
1.611 -1.185 -1.051 1.678 -1.538 -0.055
1.611 -1.186 -1.053 1.677 -1.538 -0.055
1.611 -1.187 -1.054 1.676 -1.539 -0.055
1.610 -1.188 -1.055 1.675 -1.539 -0.055
1.610 -1.189 -1.057 1.673 -1.540 -0.056
1.610 -1.190 -1.058 1.672 -1.540 -0.056
1.610 -1.191 -1.060 1.671 -1.540 -0.056
1.610 -1.192 -1.061 1.670 -1.541 -0.057
1.610 -1.193 -1.063 1.669 -1.541 -0.057
1.610 -1.194 -1.064 1.667 -1.542 -0.057
1.609 -1.195 -1.066 1.666 -1.542 -0.058
1.609 -1.196 -1.068 1.665 -1.543 -0.058
1.609 -1.197 -1.070 1.663 -1.543 -0.058
1.609 -1.198 -1.071 1.662 -1.544 -0.059
1.609 -1.199 -1.073 1.661 -1.544 -0.059
1.609 -1.200 -1.075 1.659 -1.545 -0.059
1.608 -1.202 -1.077 1.658 -1.546 -0.060
1.608 -1.203 -1.079 1.656 -1.546 -0.060
1.608 -1.204 -1.081 1.655 -1.547 -0.061
1.608 -1.205 -1.083 1.653 -1.547 -0.061
1.608 -1.207 -1.085 1.652 -1.548 -0.061
1.608 -1.208 -1.087 1.650 -1.549 -0.062
1.607 -1.209 -1.089 1.648 -1.549 -0.062
1.607 -1.211 -1.091 1.647 -1.550 -0.063
1.607 -1.212 -1.093 1.645 -1.550 -0.063
1.607 -1.214 -1.095 1.643 -1.551 -0.063
1.606 -1.215 -1.098 1.641 -1.552 -0.064
1.606 -1.216 -1.100 1.640 -1.552 -0.064
1.606 -1.218 -1.102 1.638 -1.553 -0.065
1.606 -1.219 -1.104 1.636 -1.554 -0.065
1.606 -1.221 -1.107 1.634 -1.555 -0.066
1.605 -1.223 -1.109 1.632 -1.555 -0.066
1.605 -1.224 -1.112 1.630 -1.556 -0.067
1.605 -1.226 -1.114 1.628 -1.557 -0.067
1.605 -1.227 -1.117 1.626 -1.558 -0.068
1.604 -1.229 -1.119 1.624 -1.558 -0.069
1.604 -1.231 -1.122 1.622 -1.559 -0.069
1.604 -1.232 -1.124 1.620 -1.560 -0.070
1.604 -1.234 -1.127 1.618 -1.561 -0.070
1.603 -1.236 -1.129 1.616 -1.562 -0.071
1.603 -1.238 -1.132 1.614 -1.562 -0.071
1.603 -1.239 -1.135 1.612 -1.563 -0.072
1.602 -1.241 -1.138 1.610 -1.564 -0.073
1.602 -1.243 -1.140 1.607 -1.565 -0.073
1.602 -1.245 -1.143 1.605 -1.566 -0.074
1.602 -1.247 -1.146 1.603 -1.567 -0.074
1.601 -1.248 -1.149 1.601 -1.567 -0.075
1.601 -1.250 -1.152 1.598 -1.568 -0.076
1.601 -1.252 -1.155 1.596 -1.569 -0.076
1.600 -1.254 -1.158 1.593 -1.570 -0.077
1.600 -1.256 -1.161 1.591 -1.571 -0.078
1.600 -1.258 -1.164 1.588 -1.572 -0.079
1.599 -1.260 -1.167 1.586 -1.573 -0.079
1.599 -1.262 -1.170 1.583 -1.574 -0.080
1.599 -1.265 -1.173 1.581 -1.575 -0.081
1.598 -1.267 -1.177 1.578 -1.576 -0.082
1.598 -1.269 -1.180 1.575 -1.577 -0.082
1.598 -1.271 -1.183 1.573 -1.578 -0.083
1.597 -1.273 -1.186 1.570 -1.579 -0.084
1.597 -1.275 -1.190 1.567 -1.580 -0.085
1.596 -1.278 -1.193 1.565 -1.581 -0.086
1.596 -1.280 -1.197 1.562 -1.582 -0.087
1.596 -1.282 -1.200 1.559 -1.583 -0.087
1.595 -1.284 -1.204 1.556 -1.584 -0.088
1.595 -1.287 -1.207 1.553 -1.585 -0.089
1.594 -1.289 -1.211 1.550 -1.587 -0.090
1.594 -1.292 -1.214 1.547 -1.588 -0.091
1.594 -1.294 -1.218 1.544 -1.589 -0.092
1.593 -1.296 -1.222 1.541 -1.590 -0.093
1.593 -1.299 -1.225 1.538 -1.591 -0.094
1.592 -1.301 -1.229 1.535 -1.592 -0.095
1.592 -1.304 -1.233 1.532 -1.593 -0.096
1.591 -1.306 -1.237 1.529 -1.595 -0.097
1.591 -1.309 -1.241 1.525 -1.596 -0.098
1.590 -1.312 -1.245 1.522 -1.597 -0.099
1.590 -1.314 -1.248 1.519 -1.598 -0.100
1.589 -1.317 -1.252 1.516 -1.599 -0.101
1.589 -1.319 -1.256 1.512 -1.601 -0.102
1.588 -1.322 -1.260 1.509 -1.602 -0.103
1.588 -1.325 -1.265 1.505 -1.603 -0.104
1.587 -1.328 -1.269 1.502 -1.604 -0.105
1.587 -1.330 -1.273 1.498 -1.606 -0.107
1.586 -1.333 -1.277 1.495 -1.607 -0.108
1.586 -1.336 -1.281 1.491 -1.608 -0.109
1.585 -1.339 -1.285 1.488 -1.610 -0.110
1.584 -1.342 -1.290 1.484 -1.611 -0.111
1.584 -1.345 -1.294 1.480 -1.612 -0.113
1.583 -1.348 -1.298 1.477 -1.614 -0.114
1.583 -1.351 -1.303 1.473 -1.615 -0.115
1.582 -1.354 -1.307 1.469 -1.616 -0.117
1.581 -1.357 -1.312 1.465 -1.618 -0.118
1.581 -1.360 -1.316 1.461 -1.619 -0.119
1.580 -1.363 -1.321 1.458 -1.620 -0.121
1.579 -1.366 -1.325 1.454 -1.622 -0.122
1.579 -1.369 -1.330 1.450 -1.623 -0.124
1.578 -1.372 -1.335 1.446 -1.625 -0.125
1.577 -1.375 -1.339 1.442 -1.626 -0.126
1.577 -1.378 -1.344 1.437 -1.627 -0.128
1.576 -1.382 -1.349 1.433 -1.629 -0.129
1.575 -1.385 -1.354 1.429 -1.630 -0.131
1.575 -1.388 -1.358 1.425 -1.632 -0.133
1.574 -1.391 -1.363 1.421 -1.633 -0.134
1.573 -1.395 -1.368 1.416 -1.635 -0.136
1.572 -1.398 -1.373 1.412 -1.636 -0.137
1.572 -1.401 -1.378 1.408 -1.638 -0.139
1.571 -1.405 -1.383 1.403 -1.639 -0.141
1.570 -1.408 -1.388 1.399 -1.640 -0.142
1.569 -1.412 -1.393 1.394 -1.642 -0.144
1.568 -1.415 -1.398 1.390 -1.643 -0.146
1.567 -1.419 -1.403 1.385 -1.645 -0.148
1.567 -1.422 -1.408 1.381 -1.646 -0.149
1.566 -1.426 -1.414 1.376 -1.648 -0.151
1.565 -1.429 -1.419 1.371 -1.650 -0.153
1.564 -1.433 -1.424 1.367 -1.651 -0.155
1.563 -1.436 -1.429 1.362 -1.653 -0.157
1.562 -1.440 -1.435 1.357 -1.654 -0.159
1.561 -1.444 -1.440 1.352 -1.656 -0.161
1.560 -1.447 -1.445 1.348 -1.657 -0.163
1.559 -1.451 -1.451 1.343 -1.659 -0.165
1.558 -1.455 -1.456 1.338 -1.660 -0.167
1.557 -1.459 -1.462 1.333 -1.662 -0.169
1.556 -1.462 -1.467 1.328 -1.663 -0.171
1.555 -1.466 -1.473 1.323 -1.665 -0.173
1.554 -1.470 -1.478 1.318 -1.666 -0.175
1.553 -1.474 -1.484 1.312 -1.668 -0.178
1.552 -1.478 -1.489 1.307 -1.669 -0.180
1.551 -1.482 -1.495 1.302 -1.671 -0.182
1.550 -1.485 -1.501 1.297 -1.672 -0.184
1.549 -1.489 -1.506 1.292 -1.674 -0.187
1.548 -1.493 -1.512 1.286 -1.676 -0.189
1.546 -1.497 -1.518 1.281 -1.677 -0.191
1.545 -1.501 -1.523 1.275 -1.679 -0.194
1.544 -1.505 -1.529 1.270 -1.680 -0.196
1.543 -1.509 -1.535 1.265 -1.682 -0.199
1.541 -1.513 -1.541 1.259 -1.683 -0.201
1.540 -1.517 -1.547 1.253 -1.685 -0.204
1.539 -1.522 -1.553 1.248 -1.686 -0.206
1.538 -1.526 -1.558 1.242 -1.688 -0.209
1.536 -1.530 -1.564 1.237 -1.689 -0.212
1.535 -1.534 -1.570 1.231 -1.690 -0.214
1.534 -1.538 -1.576 1.225 -1.692 -0.217
1.532 -1.542 -1.582 1.219 -1.693 -0.220
1.531 -1.546 -1.588 1.214 -1.695 -0.222
1.529 -1.551 -1.594 1.208 -1.696 -0.225
1.528 -1.555 -1.600 1.202 -1.698 -0.228
1.526 -1.559 -1.606 1.196 -1.699 -0.231
1.525 -1.563 -1.613 1.190 -1.700 -0.234
1.523 -1.568 -1.619 1.184 -1.702 -0.237
1.522 -1.572 -1.625 1.178 -1.703 -0.240
1.520 -1.576 -1.631 1.172 -1.704 -0.243
1.519 -1.581 -1.637 1.166 -1.706 -0.246
1.517 -1.585 -1.643 1.159 -1.707 -0.249
1.515 -1.589 -1.649 1.153 -1.708 -0.252
1.514 -1.594 -1.656 1.147 -1.710 -0.255
1.512 -1.598 -1.662 1.141 -1.711 -0.259
1.510 -1.603 -1.668 1.134 -1.712 -0.262
1.508 -1.607 -1.674 1.128 -1.713 -0.265
1.507 -1.611 -1.681 1.122 -1.714 -0.268
1.505 -1.616 -1.687 1.115 -1.716 -0.272
1.503 -1.620 -1.693 1.109 -1.717 -0.275
1.501 -1.625 -1.700 1.103 -1.718 -0.279
1.499 -1.629 -1.706 1.096 -1.719 -0.282
1.497 -1.634 -1.712 1.090 -1.720 -0.286
1.495 -1.638 -1.718 1.083 -1.721 -0.289
1.493 -1.643 -1.725 1.077 -1.722 -0.293
1.491 -1.647 -1.731 1.070 -1.723 -0.296
1.489 -1.651 -1.737 1.064 -1.724 -0.300
1.487 -1.656 -1.743 1.057 -1.725 -0.303
1.485 -1.660 -1.749 1.051 -1.725 -0.307
1.483 -1.665 -1.756 1.044 -1.726 -0.311
1.481 -1.669 -1.762 1.038 -1.727 -0.314
1.479 -1.673 -1.768 1.031 -1.728 -0.318
1.477 -1.678 -1.774 1.025 -1.729 -0.322
1.475 -1.682 -1.780 1.018 -1.729 -0.325
1.473 -1.686 -1.786 1.012 -1.730 -0.329
1.470 -1.691 -1.792 1.005 -1.730 -0.333
1.468 -1.695 -1.798 0.999 -1.731 -0.337
1.466 -1.699 -1.804 0.992 -1.731 -0.340
1.464 -1.703 -1.810 0.986 -1.732 -0.344
1.461 -1.708 -1.816 0.979 -1.732 -0.348
1.459 -1.712 -1.822 0.973 -1.733 -0.352
1.457 -1.716 -1.827 0.967 -1.733 -0.355
1.454 -1.720 -1.833 0.960 -1.733 -0.359
1.452 -1.724 -1.839 0.954 -1.734 -0.363
1.450 -1.728 -1.844 0.948 -1.734 -0.367
1.447 -1.732 -1.850 0.942 -1.734 -0.371
1.445 -1.736 -1.856 0.935 -1.734 -0.374
1.443 -1.740 -1.861 0.929 -1.734 -0.378
1.440 -1.744 -1.867 0.923 -1.735 -0.382
1.438 -1.748 -1.872 0.917 -1.735 -0.386
1.435 -1.752 -1.878 0.911 -1.735 -0.390
1.433 -1.756 -1.883 0.904 -1.735 -0.393
1.430 -1.760 -1.888 0.898 -1.734 -0.397
1.428 -1.764 -1.894 0.892 -1.734 -0.401
1.425 -1.768 -1.899 0.886 -1.734 -0.405
1.423 -1.771 -1.904 0.880 -1.734 -0.409
1.420 -1.775 -1.910 0.874 -1.734 -0.413
1.418 -1.779 -1.915 0.868 -1.734 -0.416
1.415 -1.783 -1.920 0.862 -1.733 -0.420
1.413 -1.786 -1.925 0.856 -1.733 -0.424
1.410 -1.790 -1.930 0.850 -1.732 -0.428
1.407 -1.794 -1.935 0.845 -1.732 -0.432
1.405 -1.797 -1.940 0.839 -1.732 -0.436
1.402 -1.801 -1.945 0.833 -1.731 -0.439
1.399 -1.805 -1.950 0.827 -1.731 -0.443
1.397 -1.808 -1.955 0.821 -1.730 -0.447
1.394 -1.812 -1.960 0.815 -1.729 -0.451
1.391 -1.815 -1.965 0.810 -1.729 -0.455
1.388 -1.819 -1.970 0.804 -1.728 -0.459
1.386 -1.822 -1.975 0.798 -1.727 -0.462
1.383 -1.826 -1.980 0.793 -1.726 -0.466
1.380 -1.829 -1.984 0.787 -1.726 -0.470
1.377 -1.833 -1.989 0.781 -1.725 -0.474
1.374 -1.836 -1.994 0.776 -1.724 -0.478
1.371 -1.840 -1.998 0.770 -1.723 -0.481
1.369 -1.843 -2.003 0.765 -1.722 -0.485
1.366 -1.846 -2.008 0.759 -1.721 -0.489
1.363 -1.850 -2.012 0.754 -1.720 -0.493
1.360 -1.853 -2.017 0.748 -1.719 -0.497
1.357 -1.856 -2.021 0.743 -1.718 -0.501
1.354 -1.860 -2.026 0.737 -1.716 -0.504
1.351 -1.863 -2.030 0.732 -1.715 -0.508
1.348 -1.866 -2.035 0.726 -1.714 -0.512
1.345 -1.869 -2.039 0.721 -1.713 -0.516
1.342 -1.873 -2.044 0.715 -1.711 -0.520
1.339 -1.876 -2.048 0.710 -1.710 -0.523
1.335 -1.879 -2.052 0.705 -1.709 -0.527
1.332 -1.882 -2.057 0.699 -1.707 -0.531
1.329 -1.885 -2.061 0.694 -1.706 -0.535
1.326 -1.888 -2.065 0.689 -1.704 -0.539
1.323 -1.891 -2.069 0.684 -1.703 -0.542
1.320 -1.895 -2.074 0.678 -1.701 -0.546
1.316 -1.898 -2.078 0.673 -1.699 -0.550
1.313 -1.901 -2.082 0.668 -1.698 -0.554
1.310 -1.904 -2.086 0.663 -1.696 -0.558
1.307 -1.907 -2.090 0.658 -1.694 -0.561
1.303 -1.910 -2.094 0.653 -1.692 -0.565
1.300 -1.913 -2.099 0.648 -1.691 -0.569
1.297 -1.916 -2.103 0.643 -1.689 -0.573
1.293 -1.919 -2.107 0.638 -1.687 -0.576
1.290 -1.922 -2.111 0.633 -1.685 -0.580
1.286 -1.925 -2.115 0.628 -1.683 -0.584
1.283 -1.927 -2.119 0.623 -1.681 -0.588
1.279 -1.930 -2.123 0.618 -1.679 -0.591
1.276 -1.933 -2.126 0.613 -1.677 -0.595
1.273 -1.936 -2.130 0.608 -1.674 -0.599
1.269 -1.939 -2.134 0.603 -1.672 -0.602
1.265 -1.942 -2.138 0.598 -1.670 -0.606
1.262 -1.945 -2.142 0.593 -1.668 -0.610
1.258 -1.947 -2.146 0.588 -1.665 -0.613
1.255 -1.950 -2.149 0.584 -1.663 -0.617
1.251 -1.953 -2.153 0.579 -1.661 -0.621
1.247 -1.956 -2.157 0.574 -1.658 -0.625
1.244 -1.958 -2.161 0.569 -1.656 -0.628
1.240 -1.961 -2.164 0.565 -1.653 -0.632
1.236 -1.964 -2.168 0.560 -1.651 -0.635
1.233 -1.967 -2.172 0.555 -1.648 -0.639
1.229 -1.969 -2.175 0.551 -1.646 -0.643
1.225 -1.972 -2.179 0.546 -1.643 -0.646
1.221 -1.975 -2.183 0.542 -1.640 -0.650
1.217 -1.977 -2.186 0.537 -1.638 -0.654
1.214 -1.980 -2.190 0.533 -1.635 -0.657
1.210 -1.982 -2.193 0.528 -1.632 -0.661
1.206 -1.985 -2.197 0.524 -1.629 -0.664
1.202 -1.988 -2.200 0.519 -1.626 -0.668
1.198 -1.990 -2.204 0.515 -1.623 -0.672
1.194 -1.993 -2.207 0.510 -1.620 -0.675
1.190 -1.995 -2.211 0.506 -1.617 -0.679
1.186 -1.998 -2.214 0.502 -1.614 -0.682
1.182 -2.000 -2.218 0.497 -1.611 -0.686
1.178 -2.003 -2.221 0.493 -1.608 -0.689
1.174 -2.005 -2.224 0.489 -1.605 -0.693
1.170 -2.008 -2.228 0.484 -1.602 -0.696
1.165 -2.010 -2.231 0.480 -1.599 -0.700
1.161 -2.013 -2.234 0.476 -1.595 -0.703
1.157 -2.015 -2.238 0.472 -1.592 -0.707
1.153 -2.017 -2.241 0.467 -1.589 -0.710
1.149 -2.020 -2.244 0.463 -1.585 -0.714
1.144 -2.022 -2.247 0.459 -1.582 -0.717
1.140 -2.025 -2.251 0.455 -1.578 -0.721
1.136 -2.027 -2.254 0.451 -1.575 -0.724
1.131 -2.029 -2.257 0.447 -1.571 -0.728
1.127 -2.032 -2.260 0.443 -1.568 -0.731
1.123 -2.034 -2.263 0.439 -1.564 -0.734
1.118 -2.036 -2.267 0.435 -1.561 -0.738
1.114 -2.039 -2.270 0.431 -1.557 -0.741
1.109 -2.041 -2.273 0.427 -1.553 -0.745
1.105 -2.043 -2.276 0.423 -1.549 -0.748
1.101 -2.045 -2.279 0.419 -1.546 -0.751
1.096 -2.048 -2.282 0.415 -1.542 -0.755
1.091 -2.050 -2.285 0.411 -1.538 -0.758
1.087 -2.052 -2.288 0.407 -1.534 -0.761
1.082 -2.054 -2.291 0.403 -1.530 -0.765
1.078 -2.056 -2.294 0.400 -1.526 -0.768
1.073 -2.059 -2.297 0.396 -1.522 -0.771
1.068 -2.061 -2.300 0.392 -1.518 -0.775
1.064 -2.063 -2.303 0.388 -1.514 -0.778
1.059 -2.065 -2.306 0.385 -1.510 -0.781
1.054 -2.067 -2.309 0.381 -1.505 -0.785
1.049 -2.069 -2.312 0.377 -1.501 -0.788
1.045 -2.071 -2.315 0.373 -1.497 -0.791
1.040 -2.074 -2.318 0.370 -1.493 -0.794
1.035 -2.076 -2.321 0.366 -1.488 -0.798
1.030 -2.078 -2.323 0.363 -1.484 -0.801
1.025 -2.080 -2.326 0.359 -1.479 -0.804
1.020 -2.082 -2.329 0.355 -1.475 -0.807
1.015 -2.084 -2.332 0.352 -1.470 -0.810
1.010 -2.086 -2.335 0.348 -1.466 -0.814
1.005 -2.088 -2.337 0.345 -1.461 -0.817
1.000 -2.090 -2.340 0.341 -1.457 -0.820
0.995 -2.092 -2.343 0.338 -1.452 -0.823
0.990 -2.094 -2.346 0.335 -1.447 -0.826
0.985 -2.096 -2.349 0.331 -1.443 -0.829
0.980 -2.098 -2.351 0.328 -1.438 -0.833
0.975 -2.099 -2.354 0.324 -1.433 -0.836
0.969 -2.101 -2.357 0.321 -1.428 -0.839
0.964 -2.103 -2.359 0.318 -1.424 -0.842
0.959 -2.105 -2.362 0.314 -1.419 -0.845
0.954 -2.107 -2.365 0.311 -1.414 -0.848
0.948 -2.109 -2.367 0.308 -1.409 -0.851
0.943 -2.111 -2.370 0.304 -1.404 -0.854
0.938 -2.113 -2.373 0.301 -1.399 -0.857
0.932 -2.114 -2.375 0.298 -1.394 -0.860
0.927 -2.116 -2.378 0.295 -1.388 -0.863
0.922 -2.118 -2.380 0.291 -1.383 -0.866
0.916 -2.120 -2.383 0.288 -1.378 -0.869
0.911 -2.121 -2.386 0.285 -1.373 -0.872
0.905 -2.123 -2.388 0.282 -1.368 -0.875
0.900 -2.125 -2.391 0.279 -1.362 -0.878
0.894 -2.127 -2.393 0.276 -1.357 -0.881
0.888 -2.128 -2.396 0.273 -1.351 -0.884
0.883 -2.130 -2.398 0.269 -1.346 -0.887
0.877 -2.132 -2.401 0.266 -1.341 -0.890
0.871 -2.133 -2.403 0.263 -1.335 -0.893
0.866 -2.135 -2.406 0.260 -1.330 -0.896
0.860 -2.137 -2.408 0.257 -1.324 -0.899
0.854 -2.138 -2.411 0.254 -1.318 -0.902
0.849 -2.140 -2.413 0.251 -1.313 -0.905
0.843 -2.141 -2.415 0.248 -1.307 -0.908
0.837 -2.143 -2.418 0.245 -1.301 -0.911
0.831 -2.144 -2.420 0.242 -1.296 -0.913
0.825 -2.146 -2.423 0.239 -1.290 -0.916
0.819 -2.148 -2.425 0.237 -1.284 -0.919
0.813 -2.149 -2.427 0.234 -1.278 -0.922
0.807 -2.151 -2.430 0.231 -1.272 -0.925
0.801 -2.152 -2.432 0.228 -1.266 -0.928
0.795 -2.153 -2.434 0.225 -1.260 -0.930
0.789 -2.155 -2.437 0.222 -1.254 -0.933
0.783 -2.156 -2.439 0.219 -1.248 -0.936
0.777 -2.158 -2.441 0.216 -1.242 -0.939
0.771 -2.159 -2.444 0.214 -1.236 -0.942
0.765 -2.160 -2.446 0.211 -1.230 -0.944
0.759 -2.162 -2.448 0.208 -1.224 -0.947
0.753 -2.163 -2.451 0.205 -1.218 -0.950
0.746 -2.164 -2.453 0.202 -1.211 -0.953
0.740 -2.166 -2.455 0.199 -1.205 -0.955
0.734 -2.167 -2.457 0.197 -1.199 -0.958
0.728 -2.168 -2.460 0.194 -1.192 -0.961
0.721 -2.169 -2.462 0.191 -1.186 -0.964
0.715 -2.171 -2.464 0.188 -1.179 -0.966
0.709 -2.172 -2.466 0.186 -1.173 -0.969
0.702 -2.173 -2.468 0.183 -1.166 -0.972
0.696 -2.174 -2.471 0.180 -1.160 -0.974
0.689 -2.175 -2.473 0.177 -1.153 -0.977
0.683 -2.176 -2.475 0.175 -1.147 -0.980
0.676 -2.177 -2.477 0.172 -1.140 -0.982
0.670 -2.179 -2.479 0.169 -1.133 -0.985
0.663 -2.180 -2.482 0.167 -1.127 -0.988
0.657 -2.181 -2.484 0.164 -1.120 -0.990
0.650 -2.182 -2.486 0.161 -1.113 -0.993
0.644 -2.183 -2.488 0.158 -1.106 -0.995
0.637 -2.183 -2.490 0.156 -1.100 -0.998
0.630 -2.184 -2.492 0.153 -1.093 -1.001
0.624 -2.185 -2.494 0.150 -1.086 -1.003
0.617 -2.186 -2.496 0.148 -1.079 -1.006
0.610 -2.187 -2.498 0.145 -1.072 -1.008
0.603 -2.188 -2.500 0.142 -1.065 -1.011
0.597 -2.189 -2.503 0.139 -1.058 -1.013
0.590 -2.189 -2.505 0.137 -1.051 -1.016
0.583 -2.190 -2.507 0.134 -1.044 -1.018
0.577 -2.191 -2.509 0.131 -1.037 -1.021
0.570 -2.191 -2.510 0.129 -1.030 -1.023
0.563 -2.192 -2.512 0.126 -1.023 -1.026
0.557 -2.193 -2.514 0.124 -1.016 -1.028
0.550 -2.193 -2.516 0.121 -1.009 -1.030
0.544 -2.194 -2.518 0.118 -1.002 -1.033
0.537 -2.194 -2.520 0.116 -0.996 -1.035
0.530 -2.195 -2.522 0.113 -0.989 -1.037
0.524 -2.195 -2.524 0.111 -0.982 -1.039
0.517 -2.196 -2.526 0.108 -0.975 -1.042
0.511 -2.196 -2.527 0.105 -0.968 -1.044
0.505 -2.196 -2.529 0.103 -0.961 -1.046
0.498 -2.197 -2.531 0.100 -0.955 -1.048
0.492 -2.197 -2.533 0.098 -0.948 -1.050
0.485 -2.197 -2.534 0.095 -0.941 -1.052
0.479 -2.197 -2.536 0.092 -0.934 -1.055
0.473 -2.197 -2.538 0.090 -0.928 -1.057
0.466 -2.198 -2.539 0.087 -0.921 -1.059
0.460 -2.198 -2.541 0.085 -0.914 -1.061
0.454 -2.198 -2.543 0.082 -0.908 -1.063
0.448 -2.198 -2.544 0.080 -0.901 -1.065
0.442 -2.198 -2.546 0.077 -0.894 -1.067
0.435 -2.198 -2.548 0.075 -0.888 -1.069
0.429 -2.198 -2.549 0.072 -0.881 -1.070
0.423 -2.198 -2.551 0.069 -0.875 -1.072
0.417 -2.198 -2.552 0.067 -0.868 -1.074
0.411 -2.198 -2.554 0.064 -0.862 -1.076
0.405 -2.197 -2.555 0.062 -0.855 -1.078
0.399 -2.197 -2.557 0.059 -0.849 -1.080
0.393 -2.197 -2.558 0.057 -0.843 -1.081
0.387 -2.197 -2.560 0.054 -0.836 -1.083
0.382 -2.196 -2.561 0.051 -0.830 -1.085
0.376 -2.196 -2.563 0.049 -0.824 -1.087
0.370 -2.196 -2.564 0.046 -0.818 -1.088
0.364 -2.195 -2.565 0.044 -0.811 -1.090
0.359 -2.195 -2.567 0.041 -0.805 -1.091
0.353 -2.195 -2.568 0.038 -0.799 -1.093
0.347 -2.194 -2.569 0.036 -0.793 -1.095
0.342 -2.194 -2.571 0.033 -0.787 -1.096
0.336 -2.193 -2.572 0.030 -0.781 -1.098
0.331 -2.192 -2.573 0.028 -0.775 -1.099
0.325 -2.192 -2.575 0.025 -0.769 -1.101
0.320 -2.191 -2.576 0.022 -0.763 -1.102
0.314 -2.191 -2.577 0.020 -0.757 -1.103
0.309 -2.190 -2.578 0.017 -0.751 -1.105
0.304 -2.189 -2.580 0.014 -0.745 -1.106
0.298 -2.188 -2.581 0.012 -0.739 -1.107
0.293 -2.188 -2.582 0.009 -0.734 -1.109
0.288 -2.187 -2.583 0.006 -0.728 -1.110
0.283 -2.186 -2.584 0.003 -0.722 -1.111
0.278 -2.185 -2.585 0.000 -0.717 -1.113
0.273 -2.184 -2.587 -0.002 -0.711 -1.114
0.267 -2.183 -2.588 -0.005 -0.705 -1.115
0.262 -2.182 -2.589 -0.008 -0.700 -1.116
0.257 -2.181 -2.590 -0.011 -0.694 -1.117
0.253 -2.180 -2.591 -0.014 -0.689 -1.118
0.248 -2.179 -2.592 -0.016 -0.683 -1.119
0.243 -2.178 -2.593 -0.019 -0.678 -1.120
0.238 -2.177 -2.594 -0.022 -0.672 -1.122
0.233 -2.176 -2.595 -0.025 -0.667 -1.123
0.228 -2.175 -2.596 -0.028 -0.662 -1.124
0.224 -2.174 -2.597 -0.031 -0.656 -1.125
0.219 -2.172 -2.598 -0.034 -0.651 -1.126
0.214 -2.171 -2.599 -0.037 -0.646 -1.126
0.210 -2.170 -2.600 -0.040 -0.641 -1.127
0.205 -2.169 -2.601 -0.043 -0.636 -1.128
0.201 -2.167 -2.602 -0.046 -0.631 -1.129
0.196 -2.166 -2.603 -0.049 -0.626 -1.130
0.192 -2.165 -2.604 -0.052 -0.621 -1.131
0.187 -2.163 -2.605 -0.055 -0.616 -1.132
0.183 -2.162 -2.605 -0.058 -0.611 -1.132
0.178 -2.161 -2.606 -0.061 -0.606 -1.133
0.174 -2.159 -2.607 -0.064 -0.601 -1.134
0.170 -2.158 -2.608 -0.067 -0.596 -1.135
0.166 -2.156 -2.609 -0.070 -0.591 -1.135
0.161 -2.155 -2.610 -0.073 -0.586 -1.136
0.157 -2.153 -2.610 -0.076 -0.582 -1.137
0.153 -2.152 -2.611 -0.079 -0.577 -1.137
0.149 -2.150 -2.612 -0.083 -0.572 -1.138
0.145 -2.148 -2.613 -0.086 -0.568 -1.138
0.141 -2.147 -2.614 -0.089 -0.563 -1.139
0.137 -2.145 -2.614 -0.092 -0.559 -1.139
0.133 -2.143 -2.615 -0.096 -0.554 -1.140
0.129 -2.142 -2.616 -0.099 -0.550 -1.140
0.125 -2.140 -2.616 -0.102 -0.545 -1.141
0.122 -2.138 -2.617 -0.106 -0.541 -1.141
0.118 -2.137 -2.618 -0.109 -0.536 -1.141
0.114 -2.135 -2.618 -0.112 -0.532 -1.141
0.110 -2.133 -2.619 -0.116 -0.528 -1.142
0.107 -2.131 -2.620 -0.119 -0.524 -1.142
0.103 -2.129 -2.620 -0.123 -0.519 -1.142
0.099 -2.127 -2.621 -0.126 -0.515 -1.142
0.096 -2.125 -2.621 -0.130 -0.511 -1.142
0.092 -2.123 -2.622 -0.133 -0.507 -1.142
0.089 -2.121 -2.622 -0.137 -0.503 -1.142
0.085 -2.119 -2.623 -0.141 -0.499 -1.142
0.082 -2.117 -2.623 -0.144 -0.495 -1.142
0.079 -2.115 -2.624 -0.148 -0.491 -1.142
0.075 -2.113 -2.624 -0.152 -0.487 -1.142
0.072 -2.111 -2.625 -0.156 -0.483 -1.142
0.069 -2.109 -2.625 -0.159 -0.479 -1.142
0.065 -2.107 -2.626 -0.163 -0.475 -1.141
0.062 -2.105 -2.626 -0.167 -0.471 -1.141
0.059 -2.103 -2.627 -0.171 -0.468 -1.141
0.056 -2.101 -2.627 -0.175 -0.464 -1.140
0.053 -2.098 -2.627 -0.179 -0.460 -1.140
0.049 -2.096 -2.628 -0.183 -0.457 -1.140
0.046 -2.094 -2.628 -0.187 -0.453 -1.139
0.043 -2.092 -2.628 -0.191 -0.449 -1.139
0.040 -2.090 -2.629 -0.195 -0.446 -1.138
0.037 -2.087 -2.629 -0.199 -0.442 -1.138
0.034 -2.085 -2.629 -0.203 -0.439 -1.137
0.032 -2.083 -2.630 -0.207 -0.435 -1.137
0.029 -2.081 -2.630 -0.211 -0.432 -1.136
0.026 -2.078 -2.630 -0.215 -0.429 -1.135
0.023 -2.076 -2.631 -0.219 -0.425 -1.135
0.020 -2.074 -2.631 -0.223 -0.422 -1.134
0.017 -2.071 -2.631 -0.227 -0.419 -1.133
0.015 -2.069 -2.631 -0.231 -0.415 -1.133
0.012 -2.067 -2.632 -0.235 -0.412 -1.132
0.009 -2.064 -2.632 -0.239 -0.409 -1.131
0.007 -2.062 -2.632 -0.243 -0.406 -1.131
0.004 -2.060 -2.632 -0.247 -0.403 -1.130
0.002 -2.057 -2.632 -0.251 -0.400 -1.129
-0.001 -2.055 -2.633 -0.255 -0.397 -1.129
-0.003 -2.053 -2.633 -0.259 -0.394 -1.128
-0.006 -2.051 -2.633 -0.263 -0.391 -1.127
-0.008 -2.048 -2.633 -0.267 -0.388 -1.126
-0.011 -2.046 -2.633 -0.271 -0.385 -1.126
-0.013 -2.044 -2.634 -0.275 -0.382 -1.125
-0.015 -2.041 -2.634 -0.279 -0.379 -1.124
-0.018 -2.039 -2.634 -0.283 -0.376 -1.123
-0.020 -2.037 -2.634 -0.287 -0.373 -1.123
-0.022 -2.034 -2.634 -0.291 -0.371 -1.122
-0.024 -2.032 -2.635 -0.295 -0.368 -1.121
-0.027 -2.030 -2.635 -0.299 -0.365 -1.120
-0.029 -2.028 -2.635 -0.302 -0.363 -1.120
-0.031 -2.025 -2.635 -0.306 -0.360 -1.119
-0.033 -2.023 -2.635 -0.310 -0.357 -1.118
-0.035 -2.021 -2.635 -0.314 -0.355 -1.117
-0.037 -2.019 -2.635 -0.317 -0.352 -1.117
-0.039 -2.016 -2.636 -0.321 -0.350 -1.116
-0.041 -2.014 -2.636 -0.325 -0.347 -1.115
-0.043 -2.012 -2.636 -0.329 -0.345 -1.114
-0.045 -2.010 -2.636 -0.332 -0.343 -1.114
-0.047 -2.008 -2.636 -0.336 -0.340 -1.113
-0.049 -2.005 -2.636 -0.340 -0.338 -1.112
-0.051 -2.003 -2.636 -0.343 -0.336 -1.111
-0.052 -2.001 -2.636 -0.347 -0.333 -1.110
-0.054 -1.999 -2.636 -0.351 -0.331 -1.109
-0.056 -1.997 -2.636 -0.355 -0.329 -1.108
-0.058 -1.994 -2.636 -0.358 -0.327 -1.107
-0.060 -1.992 -2.637 -0.362 -0.324 -1.106
-0.061 -1.990 -2.637 -0.366 -0.322 -1.105
-0.063 -1.988 -2.637 -0.370 -0.320 -1.104
-0.065 -1.985 -2.636 -0.374 -0.318 -1.103
-0.066 -1.983 -2.636 -0.378 -0.316 -1.102
-0.068 -1.981 -2.636 -0.382 -0.314 -1.100
-0.070 -1.979 -2.636 -0.386 -0.312 -1.099
-0.071 -1.977 -2.636 -0.390 -0.310 -1.098
-0.073 -1.974 -2.636 -0.394 -0.308 -1.096
-0.074 -1.972 -2.636 -0.398 -0.306 -1.095
-0.076 -1.970 -2.636 -0.402 -0.304 -1.093
-0.077 -1.968 -2.636 -0.406 -0.302 -1.092
-0.079 -1.965 -2.636 -0.410 -0.300 -1.090
-0.080 -1.963 -2.636 -0.414 -0.298 -1.089
-0.082 -1.961 -2.635 -0.418 -0.297 -1.087
-0.083 -1.958 -2.635 -0.422 -0.295 -1.085
-0.085 -1.956 -2.635 -0.427 -0.293 -1.084
-0.086 -1.954 -2.635 -0.431 -0.291 -1.082
-0.088 -1.952 -2.635 -0.435 -0.289 -1.080
-0.089 -1.949 -2.634 -0.439 -0.288 -1.078
-0.090 -1.947 -2.634 -0.444 -0.286 -1.076
-0.092 -1.945 -2.634 -0.448 -0.284 -1.074
-0.093 -1.943 -2.633 -0.453 -0.283 -1.072
-0.094 -1.940 -2.633 -0.457 -0.281 -1.070
-0.096 -1.938 -2.633 -0.461 -0.279 -1.068
-0.097 -1.936 -2.632 -0.466 -0.278 -1.066
-0.098 -1.933 -2.632 -0.470 -0.276 -1.064
-0.100 -1.931 -2.632 -0.475 -0.275 -1.061
-0.101 -1.929 -2.631 -0.479 -0.273 -1.059
-0.102 -1.927 -2.631 -0.484 -0.271 -1.057
-0.103 -1.924 -2.631 -0.489 -0.270 -1.055
-0.105 -1.922 -2.630 -0.493 -0.268 -1.052
-0.106 -1.920 -2.630 -0.498 -0.267 -1.050
-0.107 -1.917 -2.629 -0.502 -0.265 -1.047
-0.108 -1.915 -2.629 -0.507 -0.264 -1.045
-0.109 -1.913 -2.628 -0.512 -0.262 -1.042
-0.110 -1.911 -2.628 -0.516 -0.261 -1.040
-0.112 -1.908 -2.628 -0.521 -0.260 -1.037
-0.113 -1.906 -2.627 -0.526 -0.258 -1.035
-0.114 -1.904 -2.627 -0.530 -0.257 -1.032
-0.115 -1.902 -2.626 -0.535 -0.256 -1.030
-0.116 -1.899 -2.626 -0.540 -0.254 -1.027
-0.117 -1.897 -2.625 -0.544 -0.253 -1.024
-0.118 -1.895 -2.625 -0.549 -0.252 -1.022
-0.119 -1.893 -2.624 -0.554 -0.250 -1.019
-0.120 -1.891 -2.623 -0.559 -0.249 -1.016
-0.121 -1.888 -2.623 -0.563 -0.248 -1.013
-0.122 -1.886 -2.622 -0.568 -0.246 -1.011
-0.123 -1.884 -2.622 -0.573 -0.245 -1.008
-0.124 -1.882 -2.621 -0.578 -0.244 -1.005
-0.126 -1.879 -2.621 -0.583 -0.243 -1.002
-0.127 -1.877 -2.620 -0.587 -0.241 -0.999
-0.128 -1.875 -2.619 -0.592 -0.240 -0.996
-0.129 -1.873 -2.619 -0.597 -0.239 -0.993
-0.130 -1.870 -2.618 -0.602 -0.238 -0.990
-0.131 -1.868 -2.618 -0.607 -0.236 -0.987
-0.131 -1.866 -2.617 -0.611 -0.235 -0.985
-0.132 -1.864 -2.616 -0.616 -0.234 -0.982
-0.133 -1.862 -2.616 -0.621 -0.233 -0.979
-0.134 -1.860 -2.615 -0.626 -0.232 -0.976
-0.135 -1.857 -2.615 -0.630 -0.231 -0.973
-0.136 -1.855 -2.614 -0.635 -0.229 -0.970
-0.137 -1.853 -2.613 -0.640 -0.228 -0.967
-0.138 -1.851 -2.613 -0.644 -0.227 -0.964
-0.139 -1.849 -2.612 -0.649 -0.226 -0.961
-0.140 -1.847 -2.612 -0.654 -0.225 -0.958
-0.141 -1.845 -2.611 -0.658 -0.224 -0.956
-0.142 -1.843 -2.610 -0.663 -0.223 -0.953
-0.142 -1.841 -2.610 -0.667 -0.222 -0.950
-0.143 -1.839 -2.609 -0.672 -0.221 -0.947
-0.144 -1.837 -2.609 -0.676 -0.220 -0.944
-0.145 -1.835 -2.608 -0.681 -0.219 -0.942
-0.146 -1.833 -2.607 -0.685 -0.218 -0.939
-0.147 -1.831 -2.607 -0.689 -0.217 -0.936
-0.147 -1.829 -2.606 -0.693 -0.216 -0.933
-0.148 -1.827 -2.606 -0.698 -0.215 -0.931
-0.149 -1.825 -2.605 -0.702 -0.214 -0.928
-0.150 -1.823 -2.605 -0.706 -0.213 -0.925
-0.150 -1.822 -2.604 -0.710 -0.212 -0.923
-0.151 -1.820 -2.603 -0.714 -0.211 -0.920
-0.152 -1.818 -2.603 -0.718 -0.210 -0.918
-0.153 -1.816 -2.602 -0.722 -0.210 -0.915
-0.153 -1.815 -2.602 -0.726 -0.209 -0.913
-0.154 -1.813 -2.601 -0.730 -0.208 -0.910
-0.155 -1.811 -2.601 -0.734 -0.207 -0.908
-0.155 -1.809 -2.600 -0.737 -0.206 -0.905
-0.156 -1.808 -2.600 -0.741 -0.205 -0.903
-0.157 -1.806 -2.599 -0.745 -0.205 -0.900
-0.157 -1.805 -2.599 -0.748 -0.204 -0.898
-0.158 -1.803 -2.598 -0.752 -0.203 -0.896
-0.158 -1.802 -2.598 -0.756 -0.202 -0.894
-0.159 -1.800 -2.597 -0.759 -0.202 -0.891
-0.160 -1.798 -2.597 -0.762 -0.201 -0.889
-0.160 -1.797 -2.596 -0.766 -0.200 -0.887
-0.161 -1.796 -2.596 -0.769 -0.200 -0.885
-0.161 -1.794 -2.595 -0.772 -0.199 -0.883
-0.162 -1.793 -2.595 -0.776 -0.198 -0.881
-0.163 -1.791 -2.594 -0.779 -0.197 -0.878
-0.163 -1.790 -2.594 -0.782 -0.197 -0.876
-0.164 -1.789 -2.593 -0.785 -0.196 -0.874
-0.164 -1.787 -2.593 -0.788 -0.196 -0.872
-0.165 -1.786 -2.593 -0.791 -0.195 -0.871
-0.165 -1.785 -2.592 -0.794 -0.194 -0.869
-0.166 -1.783 -2.592 -0.796 -0.194 -0.867
-0.166 -1.782 -2.591 -0.799 -0.193 -0.865
-0.167 -1.781 -2.591 -0.802 -0.193 -0.863
-0.167 -1.780 -2.591 -0.805 -0.192 -0.861
-0.167 -1.779 -2.590 -0.807 -0.192 -0.860
-0.168 -1.778 -2.590 -0.810 -0.191 -0.858
-0.168 -1.776 -2.589 -0.812 -0.190 -0.856
-0.169 -1.775 -2.589 -0.815 -0.190 -0.855
-0.169 -1.774 -2.589 -0.817 -0.189 -0.853
-0.170 -1.773 -2.588 -0.820 -0.189 -0.852
-0.170 -1.772 -2.588 -0.822 -0.189 -0.850
-0.170 -1.771 -2.588 -0.824 -0.188 -0.848
-0.171 -1.770 -2.587 -0.827 -0.188 -0.847
-0.171 -1.769 -2.587 -0.829 -0.187 -0.846
-0.171 -1.768 -2.587 -0.831 -0.187 -0.844
-0.172 -1.767 -2.586 -0.833 -0.186 -0.843
-0.172 -1.767 -2.586 -0.835 -0.186 -0.841
-0.173 -1.766 -2.586 -0.837 -0.185 -0.840
-0.173 -1.765 -2.586 -0.839 -0.185 -0.839
-0.173 -1.764 -2.585 -0.841 -0.185 -0.838
-0.173 -1.763 -2.585 -0.843 -0.184 -0.836
-0.174 -1.762 -2.585 -0.845 -0.184 -0.835
-0.174 -1.762 -2.584 -0.847 -0.184 -0.834
-0.174 -1.761 -2.584 -0.848 -0.183 -0.833
-0.175 -1.760 -2.584 -0.850 -0.183 -0.832
-0.175 -1.759 -2.584 -0.852 -0.183 -0.831
-0.175 -1.759 -2.583 -0.853 -0.182 -0.829
-0.175 -1.758 -2.583 -0.855 -0.182 -0.828
-0.176 -1.757 -2.583 -0.856 -0.182 -0.827
-0.176 -1.757 -2.583 -0.858 -0.181 -0.826
-0.176 -1.756 -2.583 -0.859 -0.181 -0.825
-0.176 -1.755 -2.582 -0.861 -0.181 -0.825
-0.177 -1.755 -2.582 -0.862 -0.180 -0.824
-0.177 -1.754 -2.582 -0.863 -0.180 -0.823
-0.177 -1.754 -2.582 -0.865 -0.180 -0.822
-0.177 -1.753 -2.582 -0.866 -0.180 -0.821
-0.178 -1.753 -2.581 -0.867 -0.179 -0.820
-0.178 -1.752 -2.581 -0.868 -0.179 -0.819
-0.178 -1.751 -2.581 -0.870 -0.179 -0.819
-0.178 -1.751 -2.581 -0.871 -0.179 -0.818
-0.178 -1.751 -2.581 -0.872 -0.178 -0.817
-0.179 -1.750 -2.581 -0.873 -0.178 -0.816
-0.179 -1.750 -2.580 -0.874 -0.178 -0.816
-0.179 -1.749 -2.580 -0.875 -0.178 -0.815
-0.179 -1.749 -2.580 -0.876 -0.178 -0.814
-0.179 -1.748 -2.580 -0.877 -0.177 -0.814
-0.179 -1.748 -2.580 -0.878 -0.177 -0.813
-0.179 -1.748 -2.580 -0.879 -0.177 -0.813
-0.180 -1.747 -2.580 -0.880 -0.177 -0.812
-0.180 -1.747 -2.579 -0.880 -0.177 -0.812
-0.180 -1.746 -2.579 -0.881 -0.177 -0.811
-0.180 -1.746 -2.579 -0.882 -0.176 -0.810
-0.180 -1.746 -2.579 -0.883 -0.176 -0.810
-0.180 -1.745 -2.579 -0.883 -0.176 -0.810
-0.180 -1.745 -2.579 -0.884 -0.176 -0.809
-0.181 -1.745 -2.579 -0.885 -0.176 -0.809
-0.181 -1.745 -2.579 -0.885 -0.176 -0.808
-0.181 -1.744 -2.579 -0.886 -0.176 -0.808
-0.181 -1.744 -2.578 -0.887 -0.176 -0.807
-0.181 -1.744 -2.578 -0.887 -0.175 -0.807
-0.181 -1.744 -2.578 -0.888 -0.175 -0.807
-0.181 -1.743 -2.578 -0.888 -0.175 -0.806
-0.181 -1.743 -2.578 -0.889 -0.175 -0.806
-0.181 -1.743 -2.578 -0.889 -0.175 -0.806
-0.181 -1.743 -2.578 -0.890 -0.175 -0.805
-0.181 -1.743 -2.578 -0.890 -0.175 -0.805
-0.181 -1.742 -2.578 -0.891 -0.175 -0.805
-0.182 -1.742 -2.578 -0.891 -0.175 -0.805
-0.182 -1.742 -2.578 -0.891 -0.175 -0.804
-0.182 -1.742 -2.578 -0.892 -0.174 -0.804
-0.182 -1.742 -2.578 -0.892 -0.174 -0.804
-0.182 -1.742 -2.578 -0.892 -0.174 -0.804
-0.182 -1.741 -2.578 -0.893 -0.174 -0.803
-0.182 -1.741 -2.578 -0.893 -0.174 -0.803
-0.182 -1.741 -2.578 -0.893 -0.174 -0.803
-0.182 -1.741 -2.577 -0.893 -0.174 -0.803
-0.182 -1.741 -2.577 -0.894 -0.174 -0.803
-0.182 -1.741 -2.577 -0.894 -0.174 -0.803
-0.182 -1.741 -2.577 -0.894 -0.174 -0.802
-0.182 -1.741 -2.577 -0.894 -0.174 -0.802
-0.182 -1.741 -2.577 -0.894 -0.174 -0.802
-0.182 -1.741 -2.577 -0.895 -0.174 -0.802
-0.182 -1.740 -2.577 -0.895 -0.174 -0.802
-0.182 -1.740 -2.577 -0.895 -0.174 -0.802
-0.182 -1.740 -2.577 -0.895 -0.174 -0.802
-0.182 -1.740 -2.577 -0.895 -0.174 -0.802
-0.182 -1.740 -2.577 -0.895 -0.174 -0.802
-0.182 -1.740 -2.577 -0.895 -0.174 -0.802
-0.182 -1.740 -2.577 -0.895 -0.174 -0.802
-0.182 -1.740 -2.577 -0.895 -0.174 -0.802
-0.182 -1.740 -2.577 -0.895 -0.174 -0.802
-0.182 -1.740 -2.577 -0.895 -0.174 -0.802
-0.182 -1.740 -2.577 -0.895 -0.174 -0.802
-0.182 -1.740 -2.577 -0.895 -0.174 -0.802
-0.182 -1.740 -2.577 -0.895 -0.174 -0.802
-0.182 -1.740 -2.577 -0.896 -0.174 -0.802
-0.182 -1.740 -2.577 -0.896 -0.174 -0.801
-0.182 -1.740 -2.577 -0.896 -0.174 -0.801
-0.182 -1.740 -2.577 -0.896 -0.174 -0.801
-0.182 -1.740 -2.577 -0.896 -0.174 -0.801
-0.182 -1.740 -2.577 -0.896 -0.174 -0.801
-0.182 -1.740 -2.577 -0.896 -0.174 -0.801
-0.182 -1.740 -2.577 -0.896 -0.174 -0.801
-0.182 -1.740 -2.577 -0.897 -0.173 -0.801
-0.183 -1.740 -2.577 -0.897 -0.173 -0.801
-0.183 -1.739 -2.577 -0.897 -0.173 -0.801
-0.183 -1.739 -2.577 -0.897 -0.173 -0.800
-0.183 -1.739 -2.577 -0.897 -0.173 -0.800
-0.183 -1.739 -2.577 -0.898 -0.173 -0.800
-0.183 -1.739 -2.577 -0.898 -0.173 -0.800
-0.183 -1.739 -2.577 -0.898 -0.173 -0.800
-0.183 -1.739 -2.577 -0.898 -0.173 -0.800
-0.183 -1.739 -2.577 -0.899 -0.173 -0.799
-0.183 -1.739 -2.577 -0.899 -0.173 -0.799
-0.183 -1.738 -2.577 -0.899 -0.173 -0.799
-0.183 -1.738 -2.577 -0.900 -0.173 -0.799
-0.183 -1.738 -2.576 -0.900 -0.173 -0.799
-0.183 -1.738 -2.576 -0.900 -0.173 -0.798
-0.183 -1.738 -2.576 -0.901 -0.173 -0.798
-0.183 -1.738 -2.576 -0.901 -0.173 -0.798
-0.183 -1.738 -2.576 -0.901 -0.173 -0.798
-0.183 -1.737 -2.576 -0.902 -0.172 -0.797
-0.183 -1.737 -2.576 -0.902 -0.172 -0.797
-0.183 -1.737 -2.576 -0.902 -0.172 -0.797
-0.184 -1.737 -2.576 -0.903 -0.172 -0.797
-0.184 -1.737 -2.576 -0.903 -0.172 -0.797
-0.184 -1.737 -2.576 -0.904 -0.172 -0.796
-0.184 -1.736 -2.576 -0.904 -0.172 -0.796
-0.184 -1.736 -2.576 -0.904 -0.172 -0.796
-0.184 -1.736 -2.576 -0.905 -0.172 -0.795
-0.184 -1.736 -2.576 -0.905 -0.172 -0.795
-0.184 -1.736 -2.576 -0.906 -0.172 -0.795
-0.184 -1.736 -2.576 -0.906 -0.172 -0.795
-0.184 -1.735 -2.576 -0.906 -0.172 -0.794
-0.184 -1.735 -2.575 -0.907 -0.171 -0.794
-0.184 -1.735 -2.575 -0.907 -0.171 -0.794
-0.184 -1.735 -2.575 -0.908 -0.171 -0.794
-0.184 -1.735 -2.575 -0.908 -0.171 -0.793
-0.185 -1.734 -2.575 -0.909 -0.171 -0.793
-0.185 -1.734 -2.575 -0.909 -0.171 -0.793
-0.185 -1.734 -2.575 -0.909 -0.171 -0.792
-0.185 -1.734 -2.575 -0.910 -0.171 -0.792
-0.185 -1.734 -2.575 -0.910 -0.171 -0.792
-0.185 -1.733 -2.575 -0.911 -0.171 -0.792
-0.185 -1.733 -2.575 -0.911 -0.171 -0.791
-0.185 -1.733 -2.575 -0.912 -0.170 -0.791
-0.185 -1.733 -2.575 -0.912 -0.170 -0.791
-0.185 -1.733 -2.575 -0.913 -0.170 -0.790
-0.185 -1.732 -2.575 -0.913 -0.170 -0.790
-0.185 -1.732 -2.574 -0.913 -0.170 -0.790
-0.185 -1.732 -2.574 -0.914 -0.170 -0.790
-0.186 -1.732 -2.574 -0.914 -0.170 -0.789
-0.186 -1.732 -2.574 -0.915 -0.170 -0.789
-0.186 -1.731 -2.574 -0.915 -0.170 -0.789
-0.186 -1.731 -2.574 -0.916 -0.170 -0.788
-0.186 -1.731 -2.574 -0.916 -0.170 -0.788
-0.186 -1.731 -2.574 -0.916 -0.169 -0.788
-0.186 -1.731 -2.574 -0.917 -0.169 -0.788
-0.186 -1.731 -2.574 -0.917 -0.169 -0.787
-0.186 -1.730 -2.574 -0.918 -0.169 -0.787
-0.186 -1.730 -2.574 -0.918 -0.169 -0.787
-0.186 -1.730 -2.574 -0.918 -0.169 -0.787
-0.186 -1.730 -2.574 -0.919 -0.169 -0.786
-0.186 -1.730 -2.574 -0.919 -0.169 -0.786
-0.186 -1.730 -2.574 -0.919 -0.169 -0.786
-0.187 -1.729 -2.574 -0.920 -0.169 -0.786
-0.187 -1.729 -2.573 -0.920 -0.169 -0.786
-0.187 -1.729 -2.573 -0.920 -0.169 -0.785
-0.187 -1.729 -2.573 -0.921 -0.169 -0.785
-0.187 -1.729 -2.573 -0.921 -0.168 -0.785
-0.187 -1.729 -2.573 -0.921 -0.168 -0.785
-0.187 -1.729 -2.573 -0.922 -0.168 -0.785
-0.187 -1.728 -2.573 -0.922 -0.168 -0.784
-0.187 -1.728 -2.573 -0.922 -0.168 -0.784
-0.187 -1.728 -2.573 -0.922 -0.168 -0.784
-0.187 -1.728 -2.573 -0.923 -0.168 -0.784
-0.187 -1.728 -2.573 -0.923 -0.168 -0.784
-0.187 -1.728 -2.573 -0.923 -0.168 -0.784
-0.187 -1.728 -2.573 -0.923 -0.168 -0.784
-0.187 -1.728 -2.573 -0.923 -0.168 -0.784
-0.187 -1.728 -2.573 -0.924 -0.168 -0.783
-0.187 -1.727 -2.573 -0.924 -0.168 -0.783
-0.187 -1.727 -2.573 -0.924 -0.168 -0.783
-0.187 -1.727 -2.573 -0.924 -0.168 -0.783
-0.187 -1.727 -2.573 -0.924 -0.168 -0.783
-0.187 -1.727 -2.573 -0.924 -0.168 -0.783
-0.187 -1.727 -2.573 -0.924 -0.168 -0.783
-0.187 -1.727 -2.573 -0.924 -0.168 -0.783
-0.187 -1.727 -2.573 -0.924 -0.168 -0.783
-0.187 -1.727 -2.573 -0.924 -0.168 -0.783
-0.187 -1.727 -2.573 -0.924 -0.168 -0.783
-0.187 -1.727 -2.573 -0.924 -0.168 -0.783
-0.187 -1.727 -2.573 -0.924 -0.168 -0.783
-0.187 -1.727 -2.573 -0.924 -0.168 -0.783
-0.187 -1.727 -2.573 -0.924 -0.168 -0.783
-0.187 -1.727 -2.573 -0.924 -0.168 -0.783
-0.187 -1.727 -2.573 -0.924 -0.168 -0.783
-0.187 -1.727 -2.573 -0.924 -0.168 -0.783
-0.187 -1.727 -2.573 -0.924 -0.168 -0.783
-0.187 -1.727 -2.573 -0.924 -0.168 -0.784
-0.187 -1.727 -2.573 -0.924 -0.168 -0.784
-0.187 -1.727 -2.573 -0.923 -0.168 -0.784
-0.187 -1.728 -2.573 -0.923 -0.168 -0.784
-0.187 -1.728 -2.573 -0.923 -0.168 -0.784
-0.187 -1.728 -2.573 -0.923 -0.168 -0.784
-0.187 -1.728 -2.573 -0.923 -0.168 -0.785
-0.187 -1.728 -2.573 -0.922 -0.168 -0.785
-0.187 -1.728 -2.573 -0.922 -0.168 -0.785
-0.187 -1.728 -2.573 -0.922 -0.168 -0.785
-0.187 -1.728 -2.573 -0.921 -0.168 -0.785
-0.187 -1.728 -2.573 -0.921 -0.168 -0.786
-0.187 -1.729 -2.573 -0.921 -0.168 -0.786
-0.187 -1.729 -2.573 -0.920 -0.168 -0.786
-0.187 -1.729 -2.573 -0.920 -0.168 -0.786
-0.187 -1.729 -2.574 -0.920 -0.168 -0.787
-0.187 -1.729 -2.574 -0.919 -0.169 -0.787
-0.187 -1.729 -2.574 -0.919 -0.169 -0.787
-0.187 -1.730 -2.574 -0.918 -0.169 -0.787
-0.187 -1.730 -2.574 -0.918 -0.169 -0.788
-0.186 -1.730 -2.574 -0.917 -0.169 -0.788
-0.186 -1.730 -2.574 -0.917 -0.169 -0.788
-0.186 -1.730 -2.574 -0.916 -0.169 -0.789
-0.186 -1.731 -2.574 -0.916 -0.169 -0.789
-0.186 -1.731 -2.574 -0.915 -0.169 -0.789
-0.186 -1.731 -2.574 -0.915 -0.169 -0.790
-0.186 -1.731 -2.574 -0.914 -0.169 -0.790
-0.186 -1.732 -2.574 -0.914 -0.170 -0.791
-0.186 -1.732 -2.574 -0.913 -0.170 -0.791
-0.186 -1.732 -2.575 -0.913 -0.170 -0.791
-0.186 -1.732 -2.575 -0.912 -0.170 -0.792
-0.186 -1.733 -2.575 -0.911 -0.170 -0.792
-0.185 -1.733 -2.575 -0.911 -0.170 -0.792
-0.185 -1.733 -2.575 -0.910 -0.170 -0.793
-0.185 -1.733 -2.575 -0.910 -0.170 -0.793
-0.185 -1.734 -2.575 -0.909 -0.171 -0.794
-0.185 -1.734 -2.575 -0.908 -0.171 -0.794
-0.185 -1.734 -2.575 -0.908 -0.171 -0.794
-0.185 -1.734 -2.575 -0.907 -0.171 -0.795
-0.185 -1.735 -2.575 -0.906 -0.171 -0.795
-0.185 -1.735 -2.576 -0.906 -0.171 -0.796
-0.184 -1.735 -2.576 -0.905 -0.171 -0.796
-0.184 -1.736 -2.576 -0.905 -0.171 -0.796
-0.184 -1.736 -2.576 -0.904 -0.172 -0.797
-0.184 -1.736 -2.576 -0.903 -0.172 -0.797
-0.184 -1.736 -2.576 -0.903 -0.172 -0.798
-0.184 -1.737 -2.576 -0.902 -0.172 -0.798
-0.184 -1.737 -2.576 -0.902 -0.172 -0.798
-0.184 -1.737 -2.576 -0.901 -0.172 -0.799
-0.184 -1.738 -2.576 -0.900 -0.172 -0.799
-0.183 -1.738 -2.576 -0.900 -0.172 -0.799
-0.183 -1.738 -2.577 -0.899 -0.173 -0.800
-0.183 -1.738 -2.577 -0.899 -0.173 -0.800
-0.183 -1.739 -2.577 -0.898 -0.173 -0.800
-0.183 -1.739 -2.577 -0.898 -0.173 -0.800
-0.183 -1.739 -2.577 -0.898 -0.173 -0.801
-0.183 -1.739 -2.577 -0.897 -0.173 -0.801
-0.183 -1.739 -2.577 -0.897 -0.173 -0.801
-0.183 -1.740 -2.577 -0.896 -0.173 -0.801
-0.182 -1.740 -2.577 -0.896 -0.174 -0.801
-0.182 -1.740 -2.577 -0.896 -0.174 -0.802
-0.182 -1.740 -2.577 -0.895 -0.174 -0.802
-0.182 -1.740 -2.577 -0.895 -0.174 -0.802
-0.182 -1.740 -2.577 -0.895 -0.174 -0.802
-0.182 -1.741 -2.577 -0.895 -0.174 -0.802
-0.182 -1.741 -2.577 -0.895 -0.174 -0.802
-0.182 -1.741 -2.577 -0.895 -0.174 -0.802
-0.182 -1.741 -2.577 -0.895 -0.174 -0.802
-0.182 -1.741 -2.577 -0.895 -0.174 -0.802
-0.182 -1.741 -2.577 -0.895 -0.174 -0.802
-0.182 -1.741 -2.577 -0.895 -0.174 -0.801
-0.182 -1.741 -2.577 -0.895 -0.174 -0.801
-0.182 -1.741 -2.577 -0.895 -0.174 -0.801
-0.182 -1.741 -2.577 -0.895 -0.174 -0.801
-0.182 -1.741 -2.577 -0.895 -0.174 -0.801
-0.182 -1.741 -2.577 -0.895 -0.174 -0.800
-0.182 -1.741 -2.577 -0.896 -0.174 -0.800
-0.182 -1.741 -2.577 -0.896 -0.174 -0.800
-0.182 -1.741 -2.577 -0.896 -0.174 -0.799
-0.182 -1.741 -2.577 -0.897 -0.174 -0.799
-0.182 -1.741 -2.577 -0.897 -0.174 -0.799
-0.182 -1.741 -2.577 -0.897 -0.174 -0.798
-0.182 -1.740 -2.577 -0.898 -0.174 -0.798
-0.182 -1.740 -2.577 -0.898 -0.174 -0.797
-0.182 -1.740 -2.577 -0.899 -0.174 -0.797
-0.182 -1.740 -2.577 -0.899 -0.174 -0.797
-0.182 -1.740 -2.577 -0.900 -0.174 -0.796
-0.182 -1.740 -2.576 -0.901 -0.174 -0.796
-0.182 -1.739 -2.576 -0.901 -0.174 -0.795
-0.182 -1.739 -2.576 -0.902 -0.174 -0.795
-0.182 -1.739 -2.576 -0.902 -0.174 -0.794
-0.182 -1.739 -2.576 -0.903 -0.174 -0.794
-0.182 -1.739 -2.576 -0.904 -0.174 -0.793
-0.182 -1.738 -2.576 -0.904 -0.174 -0.792
-0.182 -1.738 -2.576 -0.905 -0.174 -0.792
-0.182 -1.738 -2.576 -0.906 -0.173 -0.791
-0.182 -1.738 -2.575 -0.907 -0.173 -0.791
-0.182 -1.737 -2.575 -0.907 -0.173 -0.790
-0.183 -1.737 -2.575 -0.908 -0.173 -0.789
-0.183 -1.737 -2.575 -0.909 -0.173 -0.789
-0.183 -1.736 -2.575 -0.910 -0.173 -0.788
-0.183 -1.736 -2.575 -0.911 -0.173 -0.788
-0.183 -1.736 -2.575 -0.911 -0.173 -0.787
-0.183 -1.735 -2.574 -0.912 -0.172 -0.786
-0.183 -1.735 -2.574 -0.913 -0.172 -0.786
-0.183 -1.735 -2.574 -0.914 -0.172 -0.785
-0.184 -1.734 -2.574 -0.915 -0.172 -0.784
-0.184 -1.734 -2.574 -0.916 -0.172 -0.784
-0.184 -1.734 -2.573 -0.917 -0.172 -0.783
-0.184 -1.733 -2.573 -0.917 -0.172 -0.783
-0.184 -1.733 -2.573 -0.918 -0.171 -0.782
-0.184 -1.732 -2.573 -0.919 -0.171 -0.781
-0.185 -1.732 -2.573 -0.920 -0.171 -0.781
-0.185 -1.732 -2.573 -0.921 -0.171 -0.780
-0.185 -1.731 -2.572 -0.922 -0.171 -0.780
-0.185 -1.731 -2.572 -0.923 -0.170 -0.779
-0.185 -1.730 -2.572 -0.924 -0.170 -0.778
-0.186 -1.730 -2.572 -0.925 -0.170 -0.778
-0.186 -1.729 -2.571 -0.926 -0.170 -0.777
-0.186 -1.729 -2.571 -0.926 -0.170 -0.777
-0.186 -1.729 -2.571 -0.927 -0.169 -0.776
-0.187 -1.728 -2.571 -0.928 -0.169 -0.776
-0.187 -1.728 -2.571 -0.929 -0.169 -0.775
-0.187 -1.727 -2.570 -0.930 -0.169 -0.775
-0.187 -1.727 -2.570 -0.931 -0.168 -0.774
-0.188 -1.726 -2.570 -0.932 -0.168 -0.774
-0.188 -1.726 -2.570 -0.932 -0.168 -0.773
-0.188 -1.725 -2.569 -0.933 -0.168 -0.773
-0.188 -1.725 -2.569 -0.934 -0.168 -0.773
-0.189 -1.725 -2.569 -0.935 -0.167 -0.772
-0.189 -1.724 -2.569 -0.936 -0.167 -0.772
-0.189 -1.724 -2.568 -0.936 -0.167 -0.771
-0.190 -1.723 -2.568 -0.937 -0.167 -0.771
-0.190 -1.723 -2.568 -0.938 -0.166 -0.771
-0.190 -1.722 -2.568 -0.939 -0.166 -0.771
-0.191 -1.722 -2.567 -0.939 -0.166 -0.770
-0.191 -1.721 -2.567 -0.940 -0.165 -0.770
-0.191 -1.721 -2.567 -0.940 -0.165 -0.770
-0.192 -1.720 -2.566 -0.941 -0.165 -0.770
-0.192 -1.720 -2.566 -0.942 -0.165 -0.770
-0.192 -1.719 -2.566 -0.942 -0.164 -0.770
-0.193 -1.719 -2.566 -0.943 -0.164 -0.770
-0.193 -1.718 -2.565 -0.943 -0.164 -0.770
-0.193 -1.718 -2.565 -0.943 -0.164 -0.770
-0.194 -1.718 -2.565 -0.944 -0.163 -0.770
-0.194 -1.717 -2.565 -0.944 -0.163 -0.770
-0.195 -1.717 -2.564 -0.945 -0.163 -0.770
-0.195 -1.716 -2.564 -0.945 -0.162 -0.771
-0.195 -1.716 -2.564 -0.945 -0.162 -0.771
-0.196 -1.715 -2.563 -0.945 -0.162 -0.771
-0.196 -1.715 -2.563 -0.946 -0.161 -0.771
-0.197 -1.714 -2.563 -0.946 -0.161 -0.772
-0.197 -1.714 -2.563 -0.946 -0.161 -0.772
-0.198 -1.714 -2.562 -0.946 -0.160 -0.773
-0.198 -1.713 -2.562 -0.946 -0.160 -0.773
-0.199 -1.713 -2.562 -0.946 -0.160 -0.774
-0.199 -1.712 -2.561 -0.946 -0.160 -0.774
-0.200 -1.712 -2.561 -0.946 -0.159 -0.775
-0.200 -1.711 -2.561 -0.946 -0.159 -0.775
-0.201 -1.711 -2.561 -0.946 -0.159 -0.776
-0.201 -1.711 -2.560 -0.946 -0.158 -0.777
-0.202 -1.710 -2.560 -0.946 -0.158 -0.777
-0.202 -1.710 -2.560 -0.946 -0.158 -0.778
-0.203 -1.709 -2.559 -0.946 -0.157 -0.779
-0.203 -1.709 -2.559 -0.945 -0.157 -0.780
-0.204 -1.709 -2.559 -0.945 -0.157 -0.780
-0.204 -1.708 -2.558 -0.945 -0.156 -0.781
-0.205 -1.708 -2.558 -0.945 -0.156 -0.782
-0.205 -1.707 -2.558 -0.944 -0.156 -0.783
-0.206 -1.707 -2.558 -0.944 -0.155 -0.784
-0.206 -1.707 -2.557 -0.944 -0.155 -0.785
-0.207 -1.706 -2.557 -0.943 -0.155 -0.786
-0.207 -1.706 -2.557 -0.943 -0.154 -0.787
-0.208 -1.705 -2.556 -0.943 -0.154 -0.788
-0.208 -1.705 -2.556 -0.942 -0.154 -0.789
-0.209 -1.705 -2.556 -0.942 -0.153 -0.790
-0.209 -1.704 -2.555 -0.941 -0.153 -0.791
-0.210 -1.704 -2.555 -0.941 -0.153 -0.792
-0.211 -1.704 -2.555 -0.940 -0.152 -0.793
-0.211 -1.703 -2.554 -0.940 -0.152 -0.794
-0.212 -1.703 -2.554 -0.939 -0.151 -0.796
-0.212 -1.702 -2.554 -0.939 -0.151 -0.797
-0.213 -1.702 -2.553 -0.938 -0.151 -0.798
-0.213 -1.702 -2.553 -0.938 -0.150 -0.799
-0.214 -1.701 -2.553 -0.937 -0.150 -0.800
-0.215 -1.701 -2.553 -0.937 -0.150 -0.802
-0.215 -1.701 -2.552 -0.936 -0.149 -0.803
-0.216 -1.700 -2.552 -0.936 -0.149 -0.804
-0.216 -1.700 -2.552 -0.935 -0.149 -0.805
-0.217 -1.699 -2.551 -0.934 -0.148 -0.807
-0.218 -1.699 -2.551 -0.934 -0.148 -0.808
-0.218 -1.699 -2.551 -0.933 -0.148 -0.809
-0.219 -1.698 -2.550 -0.932 -0.147 -0.811
-0.219 -1.698 -2.550 -0.932 -0.147 -0.812
-0.220 -1.698 -2.550 -0.931 -0.147 -0.813
-0.221 -1.697 -2.549 -0.930 -0.146 -0.815
-0.221 -1.697 -2.549 -0.930 -0.146 -0.816
-0.222 -1.696 -2.549 -0.929 -0.146 -0.817
-0.222 -1.696 -2.548 -0.928 -0.145 -0.819
-0.223 -1.696 -2.548 -0.928 -0.145 -0.820
-0.224 -1.695 -2.548 -0.927 -0.144 -0.822
-0.224 -1.695 -2.547 -0.926 -0.144 -0.823
-0.225 -1.694 -2.547 -0.925 -0.144 -0.824
-0.225 -1.694 -2.547 -0.925 -0.143 -0.826
-0.226 -1.694 -2.546 -0.924 -0.143 -0.827
-0.226 -1.693 -2.546 -0.923 -0.143 -0.828
-0.227 -1.693 -2.546 -0.923 -0.142 -0.830
-0.228 -1.693 -2.545 -0.922 -0.142 -0.831
-0.228 -1.692 -2.545 -0.921 -0.142 -0.833
-0.229 -1.692 -2.545 -0.921 -0.141 -0.834
-0.229 -1.691 -2.544 -0.920 -0.141 -0.835
-0.230 -1.691 -2.544 -0.919 -0.141 -0.837
-0.231 -1.691 -2.544 -0.919 -0.140 -0.838
-0.231 -1.690 -2.543 -0.918 -0.140 -0.839
-0.232 -1.690 -2.543 -0.917 -0.140 -0.841
-0.232 -1.689 -2.543 -0.917 -0.139 -0.842
-0.233 -1.689 -2.542 -0.916 -0.139 -0.843
-0.234 -1.689 -2.542 -0.915 -0.139 -0.845
-0.234 -1.688 -2.542 -0.915 -0.138 -0.846
-0.235 -1.688 -2.541 -0.914 -0.138 -0.848
-0.235 -1.687 -2.541 -0.913 -0.138 -0.849
-0.236 -1.687 -2.540 -0.913 -0.137 -0.851
-0.237 -1.686 -2.540 -0.912 -0.137 -0.852
-0.237 -1.686 -2.540 -0.911 -0.137 -0.854
-0.238 -1.685 -2.539 -0.911 -0.136 -0.855
-0.239 -1.685 -2.539 -0.910 -0.136 -0.857
-0.239 -1.684 -2.538 -0.909 -0.135 -0.858
-0.240 -1.684 -2.538 -0.908 -0.135 -0.860
-0.241 -1.683 -2.538 -0.908 -0.135 -0.861
-0.241 -1.683 -2.537 -0.907 -0.134 -0.863
-0.242 -1.682 -2.537 -0.906 -0.134 -0.864
-0.243 -1.682 -2.536 -0.906 -0.134 -0.866
-0.243 -1.681 -2.536 -0.905 -0.133 -0.867
-0.244 -1.681 -2.535 -0.904 -0.133 -0.869
-0.245 -1.680 -2.535 -0.904 -0.132 -0.871
-0.245 -1.680 -2.534 -0.903 -0.132 -0.872
-0.246 -1.679 -2.534 -0.902 -0.132 -0.874
-0.247 -1.678 -2.533 -0.901 -0.131 -0.875
-0.247 -1.678 -2.533 -0.901 -0.131 -0.877
-0.248 -1.677 -2.533 -0.900 -0.130 -0.879
-0.249 -1.677 -2.532 -0.899 -0.130 -0.880
-0.250 -1.676 -2.532 -0.899 -0.130 -0.882
-0.250 -1.675 -2.531 -0.898 -0.129 -0.884
-0.251 -1.675 -2.530 -0.897 -0.129 -0.886
-0.252 -1.674 -2.530 -0.896 -0.128 -0.887
-0.253 -1.673 -2.529 -0.896 -0.128 -0.889
-0.253 -1.673 -2.529 -0.895 -0.128 -0.891
-0.254 -1.672 -2.528 -0.894 -0.127 -0.893
-0.255 -1.671 -2.528 -0.893 -0.127 -0.895
-0.256 -1.671 -2.527 -0.893 -0.126 -0.896
-0.256 -1.670 -2.527 -0.892 -0.126 -0.898
-0.257 -1.669 -2.526 -0.891 -0.126 -0.900
-0.258 -1.669 -2.526 -0.890 -0.125 -0.902
-0.259 -1.668 -2.525 -0.889 -0.125 -0.904
-0.259 -1.667 -2.524 -0.888 -0.124 -0.906
-0.260 -1.667 -2.524 -0.887 -0.124 -0.908
-0.261 -1.666 -2.523 -0.887 -0.124 -0.910
-0.262 -1.665 -2.523 -0.886 -0.123 -0.912
-0.263 -1.664 -2.522 -0.885 -0.123 -0.914
-0.263 -1.664 -2.521 -0.884 -0.122 -0.916
-0.264 -1.663 -2.521 -0.883 -0.122 -0.919
-0.265 -1.662 -2.520 -0.882 -0.121 -0.921
-0.266 -1.661 -2.520 -0.881 -0.121 -0.923
-0.267 -1.661 -2.519 -0.880 -0.121 -0.925
-0.268 -1.660 -2.518 -0.878 -0.120 -0.928
-0.269 -1.659 -2.518 -0.877 -0.120 -0.930
-0.269 -1.658 -2.517 -0.876 -0.119 -0.933
-0.270 -1.657 -2.516 -0.875 -0.119 -0.935
-0.271 -1.657 -2.516 -0.874 -0.119 -0.938
-0.272 -1.656 -2.515 -0.873 -0.118 -0.940
-0.273 -1.655 -2.514 -0.871 -0.118 -0.943
-0.274 -1.654 -2.514 -0.870 -0.117 -0.945
-0.275 -1.653 -2.513 -0.869 -0.117 -0.948
-0.276 -1.653 -2.512 -0.867 -0.116 -0.951
-0.277 -1.652 -2.512 -0.866 -0.116 -0.953
-0.277 -1.651 -2.511 -0.865 -0.116 -0.956
-0.278 -1.650 -2.510 -0.863 -0.115 -0.959
-0.279 -1.649 -2.509 -0.862 -0.115 -0.962
-0.280 -1.648 -2.509 -0.860 -0.114 -0.965
-0.281 -1.648 -2.508 -0.859 -0.114 -0.968
-0.282 -1.647 -2.507 -0.857 -0.113 -0.970
-0.283 -1.646 -2.506 -0.856 -0.113 -0.973
-0.284 -1.645 -2.506 -0.854 -0.113 -0.976
-0.285 -1.644 -2.505 -0.853 -0.112 -0.979
-0.286 -1.643 -2.504 -0.851 -0.112 -0.983
-0.287 -1.642 -2.503 -0.849 -0.111 -0.986
-0.288 -1.641 -2.502 -0.848 -0.111 -0.989
-0.289 -1.641 -2.502 -0.846 -0.110 -0.992
-0.290 -1.640 -2.501 -0.844 -0.110 -0.995
-0.291 -1.639 -2.500 -0.843 -0.110 -0.998
-0.292 -1.638 -2.499 -0.841 -0.109 -1.002
-0.293 -1.637 -2.498 -0.839 -0.109 -1.005
-0.294 -1.636 -2.498 -0.837 -0.108 -1.008
-0.295 -1.635 -2.497 -0.836 -0.108 -1.011
-0.296 -1.634 -2.496 -0.834 -0.108 -1.015
-0.297 -1.633 -2.495 -0.832 -0.107 -1.018
-0.298 -1.632 -2.494 -0.830 -0.107 -1.022
-0.299 -1.631 -2.493 -0.828 -0.106 -1.025
-0.300 -1.630 -2.492 -0.826 -0.106 -1.029
-0.301 -1.629 -2.491 -0.825 -0.106 -1.032
-0.302 -1.628 -2.490 -0.823 -0.105 -1.036
-0.303 -1.627 -2.490 -0.821 -0.105 -1.040
-0.304 -1.626 -2.489 -0.819 -0.105 -1.043
-0.305 -1.625 -2.488 -0.817 -0.104 -1.047
-0.306 -1.624 -2.487 -0.815 -0.104 -1.051
-0.307 -1.623 -2.486 -0.813 -0.103 -1.055
-0.308 -1.622 -2.485 -0.811 -0.103 -1.058
-0.309 -1.620 -2.484 -0.808 -0.103 -1.062
-0.310 -1.619 -2.483 -0.806 -0.102 -1.066
-0.311 -1.618 -2.482 -0.804 -0.102 -1.070
-0.312 -1.617 -2.481 -0.802 -0.102 -1.074
-0.313 -1.616 -2.479 -0.800 -0.101 -1.078
-0.314 -1.615 -2.478 -0.798 -0.101 -1.082
-0.315 -1.614 -2.477 -0.795 -0.101 -1.087
-0.316 -1.612 -2.476 -0.793 -0.100 -1.091
-0.318 -1.611 -2.475 -0.791 -0.100 -1.095
-0.319 -1.610 -2.474 -0.788 -0.100 -1.099
-0.320 -1.609 -2.473 -0.786 -0.099 -1.103
-0.321 -1.608 -2.472 -0.784 -0.099 -1.108
-0.322 -1.606 -2.470 -0.781 -0.099 -1.112
-0.323 -1.605 -2.469 -0.779 -0.098 -1.116
-0.324 -1.604 -2.468 -0.777 -0.098 -1.121
-0.325 -1.603 -2.467 -0.774 -0.098 -1.125
-0.326 -1.601 -2.466 -0.772 -0.097 -1.130
-0.327 -1.600 -2.464 -0.769 -0.097 -1.134
-0.328 -1.599 -2.463 -0.767 -0.097 -1.139
-0.330 -1.597 -2.462 -0.764 -0.097 -1.143
-0.331 -1.596 -2.460 -0.762 -0.096 -1.148
-0.332 -1.595 -2.459 -0.759 -0.096 -1.153
-0.333 -1.593 -2.458 -0.757 -0.096 -1.157
-0.334 -1.592 -2.456 -0.754 -0.096 -1.162
-0.335 -1.590 -2.455 -0.752 -0.095 -1.167
-0.336 -1.589 -2.454 -0.749 -0.095 -1.171
-0.337 -1.588 -2.452 -0.747 -0.095 -1.176
-0.339 -1.586 -2.451 -0.744 -0.095 -1.181
-0.340 -1.585 -2.449 -0.741 -0.094 -1.186
-0.341 -1.583 -2.448 -0.739 -0.094 -1.191
-0.342 -1.582 -2.447 -0.736 -0.094 -1.195
-0.343 -1.580 -2.445 -0.734 -0.094 -1.200
-0.344 -1.579 -2.444 -0.731 -0.094 -1.205
-0.345 -1.577 -2.442 -0.729 -0.094 -1.209
-0.346 -1.576 -2.441 -0.726 -0.093 -1.214
-0.347 -1.574 -2.439 -0.724 -0.093 -1.219
-0.348 -1.573 -2.438 -0.721 -0.093 -1.224
-0.350 -1.571 -2.436 -0.719 -0.093 -1.228
-0.351 -1.570 -2.434 -0.716 -0.093 -1.233
-0.352 -1.568 -2.433 -0.714 -0.093 -1.238
-0.353 -1.566 -2.431 -0.712 -0.093 -1.242
-0.354 -1.565 -2.430 -0.709 -0.092 -1.247
-0.355 -1.563 -2.428 -0.707 -0.092 -1.252
-0.356 -1.562 -2.426 -0.705 -0.092 -1.256
-0.357 -1.560 -2.425 -0.702 -0.092 -1.261
-0.358 -1.558 -2.423 -0.700 -0.092 -1.266
-0.359 -1.557 -2.421 -0.698 -0.092 -1.270
-0.360 -1.555 -2.420 -0.696 -0.092 -1.275
-0.361 -1.553 -2.418 -0.693 -0.092 -1.279
-0.362 -1.552 -2.416 -0.691 -0.092 -1.284
-0.363 -1.550 -2.414 -0.689 -0.092 -1.288
-0.364 -1.548 -2.413 -0.687 -0.092 -1.292
-0.365 -1.547 -2.411 -0.685 -0.092 -1.297
-0.366 -1.545 -2.409 -0.683 -0.092 -1.301
-0.367 -1.543 -2.407 -0.681 -0.092 -1.305
-0.368 -1.541 -2.406 -0.679 -0.092 -1.310
-0.369 -1.540 -2.404 -0.677 -0.092 -1.314
-0.370 -1.538 -2.402 -0.675 -0.092 -1.318
-0.371 -1.536 -2.400 -0.673 -0.092 -1.322
-0.372 -1.534 -2.398 -0.672 -0.092 -1.326
-0.373 -1.533 -2.397 -0.670 -0.092 -1.330
-0.374 -1.531 -2.395 -0.668 -0.092 -1.334
-0.375 -1.529 -2.393 -0.666 -0.092 -1.338
-0.376 -1.527 -2.391 -0.665 -0.092 -1.342
-0.377 -1.525 -2.389 -0.663 -0.092 -1.346
-0.377 -1.523 -2.387 -0.662 -0.092 -1.350
-0.378 -1.522 -2.385 -0.660 -0.092 -1.354
-0.379 -1.520 -2.383 -0.659 -0.092 -1.357
-0.380 -1.518 -2.381 -0.657 -0.093 -1.361
-0.381 -1.516 -2.379 -0.656 -0.093 -1.365
-0.382 -1.514 -2.377 -0.654 -0.093 -1.369
-0.383 -1.512 -2.375 -0.653 -0.093 -1.372
-0.384 -1.510 -2.373 -0.652 -0.093 -1.376
-0.385 -1.508 -2.371 -0.650 -0.093 -1.379
-0.385 -1.506 -2.369 -0.649 -0.093 -1.383
-0.386 -1.505 -2.367 -0.648 -0.093 -1.386
-0.387 -1.503 -2.365 -0.647 -0.094 -1.390
-0.388 -1.501 -2.363 -0.646 -0.094 -1.393
-0.389 -1.499 -2.361 -0.645 -0.094 -1.397
-0.390 -1.497 -2.359 -0.644 -0.094 -1.400
-0.391 -1.495 -2.357 -0.643 -0.094 -1.403
-0.391 -1.493 -2.355 -0.642 -0.094 -1.407
-0.392 -1.490 -2.353 -0.641 -0.095 -1.410
-0.393 -1.488 -2.350 -0.640 -0.095 -1.413
-0.394 -1.486 -2.348 -0.639 -0.095 -1.416
-0.395 -1.484 -2.346 -0.638 -0.095 -1.420
-0.396 -1.482 -2.344 -0.637 -0.095 -1.423
-0.396 -1.480 -2.341 -0.637 -0.096 -1.426
-0.397 -1.478 -2.339 -0.636 -0.096 -1.429
-0.398 -1.475 -2.337 -0.635 -0.096 -1.432
-0.399 -1.473 -2.334 -0.635 -0.096 -1.435
-0.400 -1.471 -2.332 -0.634 -0.097 -1.438
-0.401 -1.468 -2.329 -0.633 -0.097 -1.441
-0.401 -1.466 -2.327 -0.633 -0.097 -1.444
-0.402 -1.464 -2.324 -0.632 -0.097 -1.447
-0.403 -1.461 -2.322 -0.632 -0.098 -1.450
-0.404 -1.459 -2.319 -0.632 -0.098 -1.453
-0.405 -1.457 -2.317 -0.631 -0.098 -1.456
-0.406 -1.454 -2.314 -0.631 -0.099 -1.459
-0.406 -1.452 -2.311 -0.631 -0.099 -1.462
-0.407 -1.449 -2.309 -0.630 -0.099 -1.465
-0.408 -1.447 -2.306 -0.630 -0.100 -1.467
-0.409 -1.444 -2.303 -0.630 -0.100 -1.470
-0.410 -1.442 -2.300 -0.630 -0.100 -1.473
-0.410 -1.439 -2.298 -0.630 -0.101 -1.476
-0.411 -1.437 -2.295 -0.630 -0.101 -1.478
-0.412 -1.434 -2.292 -0.630 -0.101 -1.481
-0.413 -1.431 -2.289 -0.630 -0.102 -1.483
-0.414 -1.429 -2.286 -0.630 -0.102 -1.486
-0.414 -1.426 -2.283 -0.630 -0.102 -1.488
-0.415 -1.423 -2.280 -0.630 -0.103 -1.491
-0.416 -1.421 -2.277 -0.630 -0.103 -1.493
-0.417 -1.418 -2.274 -0.631 -0.104 -1.496
-0.418 -1.415 -2.271 -0.631 -0.104 -1.498
-0.418 -1.412 -2.268 -0.631 -0.105 -1.501
-0.419 -1.410 -2.265 -0.631 -0.105 -1.503
-0.420 -1.407 -2.262 -0.632 -0.105 -1.505
-0.421 -1.404 -2.259 -0.632 -0.106 -1.507
-0.422 -1.401 -2.256 -0.633 -0.106 -1.510
-0.422 -1.398 -2.252 -0.633 -0.107 -1.512
-0.423 -1.395 -2.249 -0.634 -0.107 -1.514
-0.424 -1.392 -2.246 -0.634 -0.108 -1.516
-0.425 -1.389 -2.242 -0.635 -0.108 -1.518
-0.425 -1.386 -2.239 -0.635 -0.109 -1.521
-0.426 -1.383 -2.236 -0.636 -0.109 -1.523
-0.427 -1.380 -2.232 -0.637 -0.110 -1.525
-0.428 -1.377 -2.229 -0.638 -0.110 -1.527
-0.429 -1.374 -2.225 -0.638 -0.111 -1.529
-0.429 -1.371 -2.222 -0.639 -0.111 -1.531
-0.430 -1.368 -2.218 -0.640 -0.112 -1.533
-0.431 -1.365 -2.214 -0.641 -0.113 -1.535
-0.432 -1.362 -2.211 -0.642 -0.113 -1.537
-0.432 -1.359 -2.207 -0.643 -0.114 -1.538
-0.433 -1.355 -2.203 -0.644 -0.114 -1.540
-0.434 -1.352 -2.199 -0.645 -0.115 -1.542
-0.435 -1.349 -2.195 -0.646 -0.116 -1.544
-0.435 -1.346 -2.192 -0.647 -0.116 -1.546
-0.436 -1.342 -2.188 -0.648 -0.117 -1.547
-0.437 -1.339 -2.184 -0.649 -0.117 -1.549
-0.438 -1.336 -2.180 -0.650 -0.118 -1.551
-0.438 -1.332 -2.176 -0.651 -0.119 -1.553
-0.439 -1.329 -2.172 -0.652 -0.119 -1.554
-0.440 -1.326 -2.168 -0.653 -0.120 -1.556
-0.440 -1.322 -2.164 -0.655 -0.121 -1.557
-0.441 -1.319 -2.160 -0.656 -0.121 -1.559
-0.442 -1.316 -2.156 -0.657 -0.122 -1.560
-0.442 -1.312 -2.152 -0.658 -0.123 -1.562
-0.443 -1.309 -2.148 -0.659 -0.124 -1.563
-0.444 -1.306 -2.144 -0.661 -0.124 -1.565
-0.444 -1.302 -2.140 -0.662 -0.125 -1.566
-0.445 -1.299 -2.136 -0.663 -0.126 -1.568
-0.446 -1.296 -2.132 -0.664 -0.126 -1.569
-0.446 -1.293 -2.128 -0.666 -0.127 -1.570
-0.447 -1.290 -2.124 -0.667 -0.128 -1.572
-0.448 -1.286 -2.120 -0.668 -0.128 -1.573
-0.448 -1.283 -2.116 -0.669 -0.129 -1.574
-0.449 -1.280 -2.112 -0.670 -0.130 -1.575
-0.449 -1.277 -2.108 -0.672 -0.130 -1.576
-0.450 -1.274 -2.105 -0.673 -0.131 -1.577
-0.450 -1.271 -2.101 -0.674 -0.132 -1.579
-0.451 -1.268 -2.097 -0.675 -0.132 -1.580
-0.452 -1.265 -2.093 -0.676 -0.133 -1.581
-0.452 -1.262 -2.090 -0.677 -0.134 -1.582
-0.453 -1.260 -2.086 -0.679 -0.134 -1.583
-0.453 -1.257 -2.083 -0.680 -0.135 -1.584
-0.454 -1.254 -2.079 -0.681 -0.136 -1.585
-0.454 -1.251 -2.076 -0.682 -0.136 -1.586
-0.454 -1.249 -2.072 -0.683 -0.137 -1.587
-0.455 -1.246 -2.069 -0.684 -0.137 -1.587
-0.455 -1.243 -2.065 -0.685 -0.138 -1.588
-0.456 -1.241 -2.062 -0.686 -0.139 -1.589
-0.456 -1.238 -2.059 -0.687 -0.139 -1.590
-0.457 -1.236 -2.055 -0.688 -0.140 -1.591
-0.457 -1.233 -2.052 -0.689 -0.141 -1.592
-0.457 -1.231 -2.049 -0.690 -0.141 -1.592
-0.458 -1.228 -2.046 -0.691 -0.142 -1.593
-0.458 -1.226 -2.043 -0.692 -0.142 -1.594
-0.459 -1.224 -2.040 -0.693 -0.143 -1.595
-0.459 -1.221 -2.036 -0.694 -0.143 -1.595
-0.459 -1.219 -2.033 -0.695 -0.144 -1.596
-0.460 -1.217 -2.030 -0.696 -0.145 -1.597
-0.460 -1.214 -2.028 -0.697 -0.145 -1.598
-0.460 -1.212 -2.025 -0.698 -0.146 -1.598
-0.461 -1.210 -2.022 -0.698 -0.146 -1.599
-0.461 -1.208 -2.019 -0.699 -0.147 -1.600
-0.461 -1.206 -2.016 -0.700 -0.147 -1.600
-0.462 -1.204 -2.013 -0.701 -0.148 -1.601
-0.462 -1.202 -2.011 -0.702 -0.148 -1.601
-0.462 -1.200 -2.008 -0.702 -0.149 -1.602
-0.463 -1.198 -2.005 -0.703 -0.149 -1.603
-0.463 -1.196 -2.003 -0.704 -0.150 -1.603
-0.463 -1.194 -2.000 -0.705 -0.150 -1.604
-0.464 -1.192 -1.998 -0.705 -0.151 -1.604
-0.464 -1.190 -1.995 -0.706 -0.151 -1.605
-0.464 -1.188 -1.993 -0.707 -0.152 -1.605
-0.464 -1.187 -1.990 -0.707 -0.152 -1.606
-0.465 -1.185 -1.988 -0.708 -0.152 -1.606
-0.465 -1.183 -1.986 -0.709 -0.153 -1.607
-0.465 -1.181 -1.983 -0.709 -0.153 -1.607
-0.465 -1.180 -1.981 -0.710 -0.154 -1.608
-0.466 -1.178 -1.979 -0.711 -0.154 -1.608
-0.466 -1.177 -1.977 -0.711 -0.155 -1.609
-0.466 -1.175 -1.974 -0.712 -0.155 -1.609
-0.466 -1.173 -1.972 -0.712 -0.155 -1.610
-0.466 -1.172 -1.970 -0.713 -0.156 -1.610
-0.467 -1.170 -1.968 -0.714 -0.156 -1.611
-0.467 -1.169 -1.966 -0.714 -0.157 -1.611
-0.467 -1.168 -1.964 -0.715 -0.157 -1.611
-0.467 -1.166 -1.962 -0.715 -0.157 -1.612
-0.467 -1.165 -1.960 -0.716 -0.158 -1.612
-0.468 -1.163 -1.958 -0.716 -0.158 -1.613
-0.468 -1.162 -1.957 -0.717 -0.158 -1.613
-0.468 -1.161 -1.955 -0.717 -0.159 -1.613
-0.468 -1.160 -1.953 -0.718 -0.159 -1.614
-0.468 -1.158 -1.951 -0.718 -0.159 -1.614
-0.469 -1.157 -1.950 -0.718 -0.160 -1.614
-0.469 -1.156 -1.948 -0.719 -0.160 -1.615
-0.469 -1.155 -1.947 -0.719 -0.160 -1.615
-0.469 -1.154 -1.945 -0.720 -0.161 -1.615
-0.469 -1.153 -1.943 -0.720 -0.161 -1.616
-0.469 -1.151 -1.942 -0.721 -0.161 -1.616
-0.469 -1.150 -1.940 -0.721 -0.161 -1.616
-0.470 -1.149 -1.939 -0.721 -0.162 -1.616
-0.470 -1.148 -1.938 -0.722 -0.162 -1.617
-0.470 -1.147 -1.936 -0.722 -0.162 -1.617
-0.470 -1.147 -1.935 -0.722 -0.163 -1.617
-0.470 -1.146 -1.934 -0.723 -0.163 -1.618
-0.470 -1.145 -1.933 -0.723 -0.163 -1.618
-0.470 -1.144 -1.931 -0.723 -0.163 -1.618
-0.470 -1.143 -1.930 -0.723 -0.163 -1.618
-0.471 -1.142 -1.929 -0.724 -0.164 -1.618
-0.471 -1.142 -1.928 -0.724 -0.164 -1.619
-0.471 -1.141 -1.927 -0.724 -0.164 -1.619
-0.471 -1.140 -1.926 -0.725 -0.164 -1.619
-0.471 -1.139 -1.925 -0.725 -0.164 -1.619
-0.471 -1.139 -1.924 -0.725 -0.165 -1.619
-0.471 -1.138 -1.923 -0.725 -0.165 -1.620
-0.471 -1.138 -1.922 -0.725 -0.165 -1.620
-0.471 -1.137 -1.922 -0.726 -0.165 -1.620
-0.471 -1.136 -1.921 -0.726 -0.165 -1.620
-0.471 -1.136 -1.920 -0.726 -0.165 -1.620
-0.471 -1.135 -1.919 -0.726 -0.166 -1.620
-0.471 -1.135 -1.919 -0.726 -0.166 -1.620
-0.472 -1.135 -1.918 -0.726 -0.166 -1.621
-0.472 -1.134 -1.918 -0.727 -0.166 -1.621
-0.472 -1.134 -1.917 -0.727 -0.166 -1.621
-0.472 -1.133 -1.917 -0.727 -0.166 -1.621
-0.472 -1.133 -1.916 -0.727 -0.166 -1.621
-0.472 -1.133 -1.916 -0.727 -0.166 -1.621
-0.472 -1.133 -1.915 -0.727 -0.166 -1.621
-0.472 -1.132 -1.915 -0.727 -0.166 -1.621
-0.472 -1.132 -1.915 -0.727 -0.166 -1.621
-0.472 -1.132 -1.915 -0.727 -0.166 -1.621
-0.472 -1.132 -1.914 -0.727 -0.166 -1.621
-0.472 -1.132 -1.914 -0.727 -0.167 -1.621
-0.472 -1.132 -1.914 -0.727 -0.167 -1.621
-0.472 -1.132 -1.914 -0.727 -0.167 -1.621
-0.472 -1.131 -1.914 -0.727 -0.167 -1.621
-0.472 -1.131 -1.914 -0.727 -0.167 -1.621
