1.612789 -1.170703 -1.028690 1.695121 -1.531141 -0.050454
1.602244 -1.242412 -1.139634 1.607937 -1.564639 -0.073050
1.590529 -1.310315 -1.242643 1.523739 -1.596358 -0.098355
1.577432 -1.375262 -1.339508 1.441421 -1.625985 -0.126512
1.562704 -1.437807 -1.431419 1.360191 -1.653150 -0.157667
1.546053 -1.498319 -1.519200 1.279459 -1.677417 -0.191963
1.527137 -1.557048 -1.603432 1.198783 -1.698271 -0.229532
1.505547 -1.614156 -1.684529 1.117845 -1.715104 -0.270479
1.480801 -1.669744 -1.762781 1.036450 -1.727203 -0.314867
1.452322 -1.723862 -1.838382 0.954535 -1.733728 -0.362694
1.419425 -1.776525 -1.911453 0.872183 -1.733703 -0.413877
1.381293 -1.827718 -1.982056 0.789644 -1.725996 -0.468223
1.336958 -1.877403 -2.050206 0.707353 -1.709311 -0.525417
1.285287 -1.925513 -2.115881 0.625933 -1.682183 -0.585006
1.224972 -1.971938 -2.179029 0.546184 -1.642995 -0.646399
1.154568 -2.016490 -2.239573 0.469033 -1.590020 -0.708883
1.072567 -2.058833 -2.297408 0.395441 -1.521527 -0.771650
0.977604 -2.098378 -2.352387 0.326247 -1.435997 -0.833827
0.868811 -2.134113 -2.404306 0.261929 -1.332481 -0.894509
0.746391 -2.164395 -2.452880 0.202247 -1.211181 -0.952745
0.612346 -2.186713 -2.497707 0.145767 -1.074155 -1.007445
0.471065 -2.197519 -2.538240 0.089248 -0.925883 -1.057139
0.329215 -2.192259 -2.573728 0.027001 -0.773156 -1.099473
0.194487 -2.165695 -2.603094 -0.049744 -0.623844 -1.130293
0.073518 -2.112341 -2.624610 -0.153751 -0.484959 -1.141921
-0.029790 -2.026555 -2.634944 -0.304229 -0.361301 -1.119363
-0.114593 -1.902448 -2.626217 -0.533373 -0.255980 -1.030502
-0.182250 -1.740297 -2.577217 -0.895191 -0.173786 -0.801733
-0.182242 -1.740292 -2.577215 -0.895189 -0.173794 -0.801738
-0.193127 -1.718393 -2.565373 -0.943116 -0.163755 -0.769892
-0.230890 -1.690470 -2.543447 -0.918253 -0.140217 -0.838749
-0.263437 -1.663604 -2.521483 -0.883748 -0.122330 -0.916437
-0.291609 -1.637857 -2.499340 -0.841114 -0.109274 -1.001172
-0.316110 -1.612777 -2.476497 -0.793704 -0.100326 -1.089479
-0.337520 -1.587493 -2.452201 -0.746242 -0.094840 -1.176712
-0.356316 -1.560990 -2.425709 -0.703653 -0.092228 -1.258189
-0.372892 -1.532472 -2.396498 -0.669726 -0.091974 -1.330370
-0.387571 -1.501593 -2.364339 -0.646331 -0.093638 -1.391486
-0.400620 -1.468456 -2.329250 -0.633453 -0.096866 -1.441454
-0.412262 -1.433452 -2.291395 -0.629781 -0.101384 -1.481350
-0.422683 -1.397077 -2.251005 -0.633390 -0.106983 -1.512826
-0.432038 -1.359802 -2.208321 -0.642269 -0.113506 -1.537661
-0.440459 -1.322006 -2.163567 -0.654614 -0.120830 -1.557501
-0.448058 -1.283958 -2.116930 -0.668948 -0.128858 -1.573739
-0.454929 -1.245823 -2.068555 -0.684133 -0.137512 -1.587494
-0.461154 -1.207687 -2.018545 -0.699327 -0.146724 -1.599628
-0.466804 -1.169570 -1.966960 -0.713922 -0.156435 -1.610787
-0.471939 -1.131449 -1.913818 -0.727494 -0.166593 -1.621442
